Var1_ 1	Var1_ 2	Var1_ 3	Var1_ 4	Var1_ 5	Var1_ 6	Var1_ 7	Var1_ 8	Var1_ 9	Var1_10	Var1_11	Var1_12	Var1_13	Var1_14	Var1_15	Var1_16	Var1_17	Var1_18	Var1_19	Var1_20	Var1_21	Var1_22	Var1_23	Var1_24	Var1_25	Var1_26	Var1_27	Var1_28	Var1_29	Var1_30	Var1_31
4.12398348917156	4.12398348917156	4.68606036260863	4.25655041125484	4.02316390701895	4.06803943150894	4.12398348917156	3.4111038295308	3.8427507958157	4.30105927526498	4.2591822307859	4.12398348917156	4.08347082231337	4.00589707874831	4.00589707874831	3.95603555792375	3.98476174211454	4.00589707874831	5.38545636771412	5.29968913389802	5.52279312546432	5.52279312546432	5.6672740585035	5.52279312546432	4.00589707874831	2.61228471140811	2.34252447843621	2.36394091628398	2.36394091628398	2.36017061723067	2.36394091628398
4.10998521258544	4.10998521258544	4.67531870161625	4.20505358032425	3.93671896690809	3.97349567707244	4.10998521258544	3.4018870609286	3.82790602655077	4.28612232548416	4.25612810587173	4.10998521258544	4.07287418911226	4.00158219284465	4.00158219284465	3.9488588902932	3.96882316533754	4.00158219284465	5.38327589505627	5.28537262482035	5.49720649135629	5.49720649135629	5.63877029478892	5.49720649135629	4.00158219284465	2.60862997934808	2.34564798018608	2.36144223547189	2.36144223547189	2.35262094495648	2.36144223547189
4.09023693570191	4.09023693570191	4.65573723164641	4.15004581672277	3.90103168279705	3.94112921000033	4.09023693570191	3.38199365693155	3.80378033805675	4.26383352677069	4.24700835146575	4.09023693570191	4.06417973030074	4.00218570212197	4.00218570212197	3.95975075710803	3.97127640885377	4.00218570212197	5.38447856507374	5.27796223223643	5.4778362487705	5.4778362487705	5.6171794248943	5.4778362487705	4.00218570212197	2.61187738009215	2.35805026140321	2.36532141354927	2.36532141354927	2.35571275767417	2.36532141354927
4.06918003806104	4.06918003806104	4.63558580269461	4.12950244613941	3.90844640305222	3.93889514656538	4.06918003806104	3.36022825868971	3.75475138315561	4.20693765838766	4.22469226209947	4.06918003806104	4.04914121478234	3.99567723588363	3.99567723588363	3.96323732397585	3.97079181199768	3.99567723588363	5.38257851519926	5.27519392167358	5.46454516523251	5.46454516523251	5.59884750069171	5.46454516523251	3.99567723588363	2.60743677070059	2.39166689782657	2.38326314434825	2.38326314434825	2.3595558789672	2.38326314434825
4.04744900245426	4.04744900245426	4.64455719178796	4.12969016533113	3.90172548058159	3.91307202276106	4.04744900245426	3.36531043064036	3.68095646022662	4.1001392963912	4.17044370695893	4.04744900245426	4.0310217506275	3.99181169251305	3.99181169251305	3.97825912924267	3.98611529365995	3.99181169251305	5.38176796013718	5.28372998166603	5.46686112236768	5.46686112236768	5.59856693832008	5.46686112236768	3.99181169251305	2.60491467834023	2.43204692356842	2.41112868915154	2.41112868915154	2.37462241799938	2.41112868915154
4.03908176064216	4.03908176064216	4.63263287618581	4.10000275307217	3.89077208501516	3.89113279309168	4.03908176064216	3.35570044698623	3.58475317039199	3.94714288003593	4.05185529774745	4.03908176064216	4.01948212688793	3.98115166539869	3.98115166539869	3.97168839402314	3.98212446268905	3.98115166539869	5.37449716054629	5.2885362969284	5.46584080043611	5.46584080043611	5.59850595967389	5.46584080043611	3.98115166539869	2.59781353934955	2.44933962294627	2.42806078617134	2.42806078617134	2.39063399179579	2.42806078617134
4.03047658778327	4.03047658778327	4.64537475474467	4.10795481768407	3.88939230847365	3.88021681668553	4.03047658778327	3.36840993393512	3.51606314902384	3.81581427544959	3.87623355080595	4.03047658778327	4.01127591226602	3.97889489325269	3.97889489325269	3.96789547418887	3.98477499438643	3.97889489325269	5.37028196554265	5.29838006425609	5.46785596950698	5.46785596950698	5.5970978703091	5.46785596950698	3.97889489325269	2.59866504548	2.48927055486507	2.45083599461447	2.45083599461447	2.39861354161734	2.45083599461447
4.01810417335022	4.01810417335022	4.64904747963198	4.11842049659549	3.89257514456093	3.87724480771682	4.01810417335022	3.36978153685493	3.46555296961908	3.73193168597683	3.68282180314276	4.01810417335022	4.00179145596212	3.97427804927749	3.97427804927749	3.96520422073369	3.98525219432563	3.97427804927749	5.36382755180651	5.31487044480831	5.46549010063059	5.46549010063059	5.58934687451219	5.46549010063059	3.97427804927749	2.59472249022992	2.51215502803971	2.4572276598332	2.4572276598332	2.3936345944516	2.4572276598332
4.01437658695051	4.01437658695051	4.64431967050597	4.11771450645449	3.88198590659961	3.87333667021693	4.01437658695051	3.36415657848216	3.42010344298827	3.64569069144038	3.49357154765111	4.01437658695051	3.99636446988843	3.96581423721515	3.96581423721515	3.95168797507624	3.97345301794377	3.96581423721515	5.35421892634238	5.33143739186547	5.46444821079787	5.46444821079787	5.56956529378453	5.46444821079787	3.96581423721515	2.58599390437097	2.53262772965052	2.46841338193788	2.46841338193788	2.39312485032674	2.46841338193788
4.00481968990447	4.00481968990447	4.64879162913706	4.13346417235184	3.87444386258232	3.87486278501723	4.00481968990447	3.36155226132899	3.41466940905125	3.55049870340285	3.32385543773794	4.00481968990447	3.99074264085907	3.96018683675233	3.96018683675233	3.94270775003238	3.96265567695623	3.96018683675233	5.34409029277553	5.35218262856705	5.4486001481132	5.4486001481132	5.53761307667121	5.4486001481132	3.96018683675233	2.57850512514693	2.54529241868522	2.48052371397943	2.48052371397943	2.39839895686871	2.48052371397943
3.98994899948012	3.98994899948012	4.65026271600759	4.14482752858824	3.87512605660505	3.8770260770614	3.98994899948012	3.35874397282309	3.44107309468748	3.45302984557726	3.20020541844014	3.98994899948012	3.98050680221289	3.9547105353741	3.9547105353741	3.93326482592247	3.95176728663307	3.9547105353741	5.33810477287209	5.37594917028599	5.43254068333041	5.43254068333041	5.49658176910954	5.43254068333041	3.9547105353741	2.56867083654716	2.55520486064217	2.49062024651801	2.49062024651801	2.41285394614263	2.49062024651801
3.97829037818743	3.97829037818743	4.64612562471185	4.15030050584403	3.87501397066201	3.87722324732502	3.97829037818743	3.35242963668619	3.47723533034899	3.35020456028642	3.14136961383331	3.97829037818743	3.97170998667802	3.94825951911301	3.94825951911301	3.92520111389283	3.93626783619255	3.94825951911301	5.3316914133551	5.40538342927069	5.41054503507735	5.41054503507735	5.45130991173505	5.41054503507735	3.94825951911301	2.55956425731725	2.56799272306181	2.50430097066499	2.50430097066499	2.42502552506676	2.50430097066499
3.95671796327851	3.95671796327851	4.63519329841084	4.15772222340589	3.87201982357816	3.8732064734694	3.95671796327851	3.34067246169911	3.51211110124994	3.27907380259953	3.13682699203151	3.95671796327851	3.95969466570506	3.94432470573735	3.94432470573735	3.92195813038666	3.92966064892516	3.94432470573735	5.32663707995996	5.43473047586437	5.39026069041616	5.39026069041616	5.41421055538278	5.39026069041616	3.94432470573735	2.55307905377167	2.57725456692005	2.52116716733552	2.52116716733552	2.44628352776067	2.52116716733552
3.94133175558612	3.94133175558612	4.63600848820845	4.17850740369	3.86886834890722	3.87883507736817	3.94133175558612	3.34205512195919	3.54253518050908	3.24985402290939	3.17437022347322	3.94133175558612	3.94976054092282	3.940659984098	3.940659984098	3.91730195388481	3.92319387882924	3.940659984098	5.32109302951118	5.45611576986735	5.3673542947336	5.3673542947336	5.38402224726059	5.3673542947336	3.940659984098	2.54766965843275	2.5952476803783	2.54075971071493	2.54075971071493	2.46182696561434	2.54075971071493
3.92626278928945	3.92626278928945	4.62769323633395	4.19408584442714	3.87092416726511	3.87816091521085	3.92626278928945	3.33439155419434	3.55222832036521	3.28019970938827	3.25454860560038	3.92626278928945	3.93723164702651	3.93176389656984	3.93176389656984	3.90827327890524	3.91020887422269	3.93176389656984	5.31282233239001	5.47979469559238	5.35079452719348	5.35079452719348	5.34352137981885	5.35079452719348	3.93176389656984	2.53850345321845	2.61115757401632	2.56568771377458	2.56568771377458	2.4861173999438	2.56568771377458
3.91607140945197	3.91607140945197	4.61768898167778	4.20442717096593	3.86740717117177	3.88021207249403	3.91607140945197	3.32493501730756	3.54404537991322	3.38222511487351	3.39562128913881	3.91607140945197	3.92553150919541	3.91792122985034	3.91792122985034	3.89300548350661	3.89734905627133	3.91792122985034	5.2990470567862	5.48942516200338	5.33118409197628	5.33118409197628	5.32254371362434	5.33118409197628	3.91792122985034	2.5231555655278	2.62873384813077	2.58792511635553	2.58792511635553	2.50047250652945	2.58792511635553
3.90770416763987	3.90770416763987	4.61558353073915	4.21329219740452	3.8567488882056	3.88040779135744	3.90770416763987	3.32451082019099	3.52587316262373	3.49841680509361	3.5283600076062	3.90770416763987	3.91560581573353	3.90598522305648	3.90598522305648	3.88405857757053	3.88719605986253	3.90598522305648	5.28494086780533	5.48490799388367	5.31455661529511	5.31455661529511	5.31110428769071	5.31455661529511	3.90598522305648	2.50983101241128	2.64221193602103	2.60795581932545	2.60795581932545	2.51440895220374	2.60795581932545
3.88490244232254	3.88490244232254	4.59915689408396	4.20757319607751	3.85480766730894	3.88241703379383	3.88490244232254	3.30965483724002	3.53189668660253	3.56943518250444	3.58842903792707	3.88490244232254	3.89698797957253	3.88894192589964	3.88894192589964	3.86383803906715	3.86959919430665	3.88894192589964	5.26411305150832	5.46578436572232	5.29299055136318	5.29299055136318	5.28777941442112	5.29299055136318	3.88894192589964	2.49014811526722	2.64810888752908	2.61377558354387	2.61377558354387	2.51701519440477	2.61377558354387
3.85742140641835	3.85742140641835	4.56709109993221	4.19377074530934	3.86698150554441	3.87994745588938	3.85742140641835	3.27718919679392	3.55348311670368	3.59052213172374	3.58129818541887	3.85742140641835	3.87541805142451	3.86697875991345	3.86697875991345	3.8315633873458	3.83918197416272	3.86697875991345	5.23807145811513	5.43340528296243	5.26219223927927	5.26219223927927	5.25807070438003	5.26219223927927	3.86697875991345	2.46756442055534	2.64205824230526	2.609681395752	2.609681395752	2.50846387109066	2.609681395752
3.83727657779017	3.83727657779017	4.55093202639823	4.18712051920183	3.88343718686693	3.88438577243855	3.83727657779017	3.26147352184961	3.58284518059757	3.60883954284146	3.5712380875027	3.83727657779017	3.85121740277843	3.84109183647948	3.84109183647948	3.80766808027448	3.81558142872461	3.84109183647948	5.21234147008126	5.39816204184252	5.24914595372483	5.24914595372483	5.24389326510228	5.24914595372483	3.84109183647948	2.44333121447792	2.6341639502756	2.6028740240655	2.6028740240655	2.50108416052286	2.6028740240655
3.82518174957837	3.82518174957837	4.50638225297285	4.16998889333652	3.90413559723848	3.88969635702599	3.82518174957837	3.2139404601649	3.55696400723139	3.60385534357295	3.59895488493577	3.82518174957837	3.83388833935054	3.80728283291294	3.80728283291294	3.7654842300325	3.77417136425749	3.80728283291294	5.17593570816692	5.33419086704428	5.22487470694307	5.22487470694307	5.23378879098066	5.22487470694307	3.80728283291294	2.40957866747274	2.60430077859123	2.57372278811666	2.57372278811666	2.47331685233578	2.57372278811666
3.80947830049026	3.80947830049026	4.47940050165878	4.19213803595352	3.95727857189397	3.93085939664002	3.80947830049026	3.1854932118534	3.56512809786062	3.60969087891098	3.61220953804016	3.80947830049026	3.8183230550003	3.78721947170082	3.78721947170082	3.74569976666013	3.75248878404691	3.78721947170082	5.15377314776332	5.27691039679876	5.22042192669635	5.22042192669635	5.24620596645621	5.22042192669635	3.78721947170082	2.38898629297592	2.58157151767498	2.54430749737404	2.54430749737404	2.44158634736636	2.54430749737404
3.78532829924112	3.78532829924112	4.45185909761058	4.23219496020943	4.02485655622187	3.98747692208992	3.78532829924112	3.15835533375804	3.56026254426847	3.61652341674705	3.62762038822926	3.78532829924112	3.7969165303285	3.76832276042259	3.76832276042259	3.72434319895962	3.72559038442128	3.76832276042259	5.13695911482417	5.22483438218033	5.22106522990068	5.22106522990068	5.26417782131854	5.22106522990068	3.76832276042259	2.37005076233828	2.54963329233898	2.5034771906121	2.5034771906121	2.39725446198849	2.5034771906121
3.76704726381279	3.76704726381279	4.42142760868486	4.26819945796138	4.06100566350873	4.09001198111802	3.76704726381279	3.1288103749849	3.51912429123509	3.61493202406089	3.62632237979108	3.76704726381279	3.77816138105905	3.74805146089756	3.74805146089756	3.71016771322932	3.70983644570766	3.74805146089756	5.12030571553091	5.17493335350183	5.22296032731643	5.22296032731643	5.28627779077632	5.22296032731643	3.74805146089756	2.34880229700133	2.5129130550936	2.45595978481119	2.45595978481119	2.34684398004122	2.45595978481119
3.75824381508158	3.75824381508158	4.40410333920528	4.29307673175664	4.05383535175464	4.20017865246286	3.75824381508158	3.11103313494417	3.4769550501261	3.60864987669194	3.61892167051245	3.75824381508158	3.76618637658198	3.73427226828313	3.73427226828313	3.70289225419235	3.70488212875882	3.73427226828313	5.10987418746844	5.14346976460815	5.23918583123845	5.23918583123845	5.32021256188018	5.23918583123845	3.73427226828313	2.33452420773191	2.47170922720585	2.41026356102314	2.41026356102314	2.30024020762036	2.41026356102314
3.7386541588959	3.7386541588959	4.37032868176372	4.30350525865948	4.0550798709561	4.27652488148222	3.7386541588959	3.07643660331953	3.4489590814661	3.61078106282267	3.62020058218454	3.7386541588959	3.74881739137312	3.72092812495711	3.72092812495711	3.70042088619174	3.70290541972486	3.72092812495711	5.10261121489714	5.12041051443322	5.24823820690748	5.24823820690748	5.35938335415237	5.24823820690748	3.72092812495711	2.32272637276871	2.42944415459647	2.3610075701646	2.3610075701646	2.2565883194246	2.3610075701646
3.73468864144941	3.73468864144941	4.3614810637798	4.29101325357177	4.0993342782182	4.31718316206398	3.73468864144941	3.06682379942313	3.42970668172169	3.60947268217058	3.62043878056782	3.73468864144941	3.74127096201104	3.71497659612081	3.71497659612081	3.70341152037715	3.71047475417947	3.71497659612081	5.10128604132732	5.10900717498285	5.25472811099458	5.25472811099458	5.38549323443249	5.25472811099458	3.71497659612081	2.31938518710844	2.37249652276159	2.30989654290546	2.30989654290546	2.21830526091856	2.30989654290546
3.73968519343199	3.73968519343199	4.35707765148476	4.249256449864	4.14277947079262	4.30168030138907	3.73968519343199	3.06329300043885	3.3976037824973	3.61425962502238	3.61808885589974	3.73968519343199	3.73833050537654	3.70947186530198	3.70947186530198	3.70004670528502	3.71253792207365	3.70947186530198	5.10080584753802	5.10503222466929	5.25969703803149	5.25969703803149	5.39681198989583	5.25969703803149	3.70947186530198	2.3168178510797	2.30608136257138	2.25261032399399	2.25261032399399	2.18456529601911	2.25261032399399
3.74432484884439	3.74432484884439	4.35498030905945	4.20122606003503	4.17483747383685	4.27034729027467	3.74432484884439	3.06251032007259	3.38645051545465	3.61869772169309	3.61848692194283	3.74432484884439	3.73755527532476	3.7066656317442	3.7066656317442	3.69817328963051	3.71203314051798	3.7066656317442	5.10102546254735	5.10292658676436	5.26178004852941	5.26178004852941	5.39753164756306	5.26178004852941	3.7066656317442	2.31625048706224	2.24604288675358	2.21394199609235	2.21394199609235	2.16577656204166	2.21394199609235
3.75384209071597	3.75384209071597	4.351416608969	4.15266080094605	4.18241921249482	4.24016660463416	3.75384209071597	3.06163690848781	3.36826754413921	3.6192966960029	3.62463818955774	3.75384209071597	3.74154182498767	3.70533791672573	3.70533791672573	3.70488056371826	3.71992841847497	3.70533791672573	5.10108140239072	5.0915027758723	5.25209942571712	5.25209942571712	5.38104094602201	5.25209942571712	3.70533791672573	2.31627344954583	2.17694377013441	2.16428096768177	2.16428096768177	2.13338036567925	2.16428096768177
3.76514381543847	3.76514381543847	4.35650446206982	4.11896149861043	4.17036407333191	4.21594687552374	3.76514381543847	3.06859576641256	3.3595930456409	3.62612463554326	3.62964873226341	3.76514381543847	3.74697473067128	3.70635928811433	3.70635928811433	3.69578185253019	3.71815454698922	3.70635928811433	5.10313253939986	5.07875560726164	5.23785479150223	5.23785479150223	5.3636465484379	5.23785479150223	3.70635928811433	2.31840112606486	2.11648486722803	2.13253865734562	2.13253865734562	2.12232586269444	2.13253865734562
3.77593002289293	3.77593002289293	4.36476334223932	4.09762698002181	4.13304285295403	4.18273778816771	3.77593002289293	3.07844792478829	3.35784488574837	3.62453730972219	3.63123895681075	3.77593002289293	3.75671893720662	3.7157744671217	3.7157744671217	3.70371755574374	3.72314022067121	3.7157744671217	5.11289235114893	5.06284919795273	5.2208124882947	5.2208124882947	5.34426798348763	5.2208124882947	3.7157744671217	2.32854227565731	2.07184406836597	2.11305693838139	2.11305693838139	2.12244421941136	2.11305693838139
3.79072140296835	3.79072140296835	4.3686948294341	4.08476404812775	4.09571777953652	4.1413809909995	3.79072140296835	3.08517635926637	3.35491979638779	3.6283281975273	3.63074353408887	3.79072140296835	3.77162556458045	3.72696405379527	3.72696405379527	3.70130233914061	3.72074599720762	3.72696405379527	5.12247468604258	5.05287786131885	5.20276573003695	5.20276573003695	5.32552026821764	5.20276573003695	3.72696405379527	2.34062621442105	2.03452863418781	2.10038033913709	2.10038033913709	2.12055447738672	2.10038033913709
3.80785243833719	3.80785243833719	4.37586805020065	4.07761869824225	4.06004840248958	4.09416006719506	3.80785243833719	3.09590495256369	3.35718930120044	3.62601211662925	3.63232838039844	3.80785243833719	3.78897956925252	3.74380344243165	3.74380344243165	3.71052040515852	3.72516765625819	3.74380344243165	5.14014673612926	5.05108972032895	5.19575114401953	5.19575114401953	5.32032767752455	5.19575114401953	3.74380344243165	2.35898634376	2.02308211038403	2.09853265722684	2.09853265722684	2.12066658566617	2.09853265722684
3.82839381871002	3.82839381871002	4.39559554195778	4.08465970639118	4.05373434291409	4.07999096091515	3.82839381871002	3.1167973777553	3.36764215378789	3.62805137354976	3.63331503639843	3.82839381871002	3.81007890552828	3.76576658682263	3.76576658682263	3.72377183719203	3.73260988555873	3.76576658682263	5.16212381325165	5.06039584957008	5.19257195694265	5.19257195694265	5.31583638551093	5.19257195694265	3.76576658682263	2.38212393006541	2.03022200250089	2.10473373192612	2.10473373192612	2.12077316304867	2.10473373192612
3.83918002616448	3.83918002616448	4.40153505216447	4.0844128850785	4.02694318951547	4.10909733984946	3.83918002616448	3.12502378374375	3.37212491967389	3.6246201445307	3.63040582262548	3.83918002616448	3.83068355841536	3.79345742128202	3.79345742128202	3.7487953374807	3.74993288938992	3.79345742128202	5.18976173096793	5.07557004019693	5.19676399553507	5.19676399553507	5.31516849821124	5.19676399553507	3.79345742128202	2.41026542462934	2.0490438458385	2.11612552729811	2.11612552729811	2.13599071352093	2.11612552729811
3.85587485461422	3.85587485461422	4.42862451917475	4.10118263814784	4.03106376668996	4.14409659271435	3.85587485461422	3.14907814798493	3.38617488282993	3.61225386760052	3.62610005752014	3.85587485461422	3.85495445887548	3.82705326618015	3.82705326618015	3.78394705633679	3.77833696933698	3.82705326618015	5.22460500607788	5.10023857466524	5.21381090838035	5.21381090838035	5.33181807747846	5.21381090838035	3.82705326618015	2.44428607251014	2.09712428669281	2.15116130551814	2.15116130551814	2.16123232670739	2.15116130551814
3.86146623421377	3.86146623421377	4.44510764805637	4.13060393863775	4.03859221633002	4.1141426952395	3.86146623421377	3.16199594935642	3.37777337387477	3.56840605932854	3.59932014157528	3.86146623421377	3.86677320395993	3.84908957103883	3.84908957103883	3.80649817119694	3.79998640659039	3.84908957103883	5.24994793222223	5.12926480436168	5.24083390755649	5.24083390755649	5.35279162709623	5.24083390755649	3.84908957103883	2.46786654150089	2.15300331052354	2.19494603821247	2.19494603821247	2.19928942834814	2.19494603821247
3.88514037336933	3.88514037336933	4.49049469671734	4.15881667771112	4.04309924814273	4.10572219345021	3.88514037336933	3.20427249237058	3.35929128408198	3.49844425551773	3.53185629697406	3.88514037336933	3.88586921897791	3.87360997845752	3.87360997845752	3.83573857744622	3.82733588031831	3.87360997845752	5.27761398447455	5.1665554377721	5.28387083619192	5.28387083619192	5.396334300219	5.28387083619192	3.87360997845752	2.492372490941	2.2164650109414	2.24155538735334	2.24155538735334	2.23983533215957	2.24155538735334
3.90726796072076	3.90726796072076	4.52743555058703	4.17188890004977	4.04005209066285	4.09983325142242	3.90726796072076	3.24108131156341	3.34714364924124	3.43196459987678	3.45651964433396	3.90726796072076	3.90856946602631	3.90121417345591	3.90121417345591	3.85764959763878	3.85144256723189	3.90121417345591	5.30491503121958	5.20721341821086	5.32772965048908	5.32772965048908	5.44159557801049	5.32772965048908	3.90121417345591	2.52010351468985	2.27498145354504	2.28827167441794	2.28827167441794	2.28244205266432	2.28827167441794
3.92693692725536	3.92693692725536	4.56596699273674	4.19138484090406	4.03932527279784	4.09775699760269	3.92693692725536	3.28040662951401	3.34652223750955	3.42027866807482	3.36535498382682	3.92693692725536	3.93043393680656	3.92638234527868	3.92638234527868	3.87975634124495	3.87523933106857	3.92638234527868	5.32530130552184	5.25202525883104	5.37040953057656	5.37040953057656	5.48027108949755	5.37040953057656	3.92638234527868	2.54640603995826	2.3363939966872	2.33233830530888	2.33233830530888	2.31694732126554	2.33233830530888
3.94616968687085	3.94616968687085	4.60499389275235	4.2274122700627	4.04037997614684	4.0998302099447	3.94616968687085	3.31807229717583	3.34654773230387	3.42554531934846	3.27271999013532	3.94616968687085	3.94387843144141	3.94211439420572	3.94211439420572	3.88978953029796	3.88553801594478	3.94211439420572	5.34269487842912	5.30172788349108	5.41388740525616	5.41388740525616	5.51133556392159	5.41388740525616	3.94211439420572	2.5620782899884	2.3931782992411	2.3656588810557	2.3656588810557	2.33854402110261	2.3656588810557
3.96599727410331	3.96599727410331	4.62214279937015	4.24122684116775	4.03894134096338	4.09942047509991	3.96599727410331	3.33184588187261	3.35445892214583	3.42557474859154	3.20184708402229	3.96599727410331	3.96334507892195	3.95341065175155	3.95341065175155	3.89760259222303	3.89406841527717	3.95341065175155	5.34875300884568	5.34930827629911	5.44405723106808	5.44405723106808	5.52610429531992	5.44405723106808	3.95341065175155	2.5707766892761	2.4417571612862	2.394598925221	2.394598925221	2.35007171331093	2.394598925221
3.97714037812795	3.97714037812795	4.6403272644027	4.25890742151842	4.03380493547642	4.10025724820474	3.97714037812795	3.34701066957977	3.39153878321036	3.40579976154261	3.15262362067423	3.97714037812795	3.97682789293956	3.96573761671437	3.96573761671437	3.90506817245012	3.8988796520652	3.96573761671437	5.35838271327817	5.40208324738439	5.4669889272722	5.4669889272722	5.53210687416417	5.4669889272722	3.96573761671437	2.57879414911802	2.49651528972488	2.42740746846777	2.42740746846777	2.36325258062304	2.42740746846777
3.98467486127629	3.98467486127629	4.66742776797757	4.28018996632396	4.02893479599295	4.09766671221955	3.98467486127629	3.37334571263012	3.43813170306494	3.38654371540897	3.14765874906424	3.98467486127629	3.98515458865493	3.97685772424989	3.97685772424989	3.91720227112542	3.90818360118784	3.97685772424989	5.36732337095218	5.45754977187348	5.49003272892349	5.49003272892349	5.53775915550477	5.49003272892349	3.97685772424989	2.58709508428695	2.54279371969222	2.46562070142727	2.46562070142727	2.39225566691092	2.46562070142727
3.99058348227156	3.99058348227156	4.67236287379828	4.29367151450306	4.02379919623258	4.09831217663017	3.99058348227156	3.37737035050719	3.49176158463203	3.36278090380893	3.17508603601346	3.99058348227156	3.99669126455195	3.98705422899729	3.98705422899729	3.92441497329568	3.91052123416983	3.98705422899729	5.37389184926888	5.51422774387428	5.50871240020099	5.50871240020099	5.53659587904707	5.50871240020099	3.98705422899729	2.5945481051409	2.58706279764277	2.49607189627382	2.49607189627382	2.40723969763532	2.49607189627382
3.99328003413517	3.99328003413517	4.70022717646836	4.31695739447498	4.02387251981486	4.09835345177225	3.99328003413517	3.40769134161123	3.54760465932196	3.34977230714102	3.22082626282779	3.99328003413517	4.00250681091747	4.00004821310031	4.00004821310031	3.93996105343922	3.92441965950814	4.00004821310031	5.384355904509	5.56615143804212	5.52649426863723	5.52649426863723	5.54694733728861	5.52649426863723	4.00004821310031	2.60353055298086	2.63123223523064	2.53629283349474	2.53629283349474	2.43205525125416	2.53629283349474
3.99530244803289	3.99530244803289	4.70223636356616	4.33445134389802	4.02297927534129	4.09839417811146	3.99530244803289	3.41092297636313	3.57618133398091	3.36144161278477	3.28674554882418	3.99530244803289	4.0052509845267	4.00206456373548	4.00206456373548	3.94093256190542	3.92183576441577	4.00206456373548	5.3861208591446	5.60232543804729	5.53376591454803	5.53376591454803	5.54228745572715	5.53376591454803	4.00206456373548	2.60363036263962	2.66655155664793	2.57690753642879	2.57690753642879	2.46117384094151	2.57690753642879
3.99197141337783	3.99197141337783	4.70391286435412	4.34877700601262	4.02927614451892	4.10204213482084	3.99197141337783	3.41513965153302	3.60702780967701	3.44503389102622	3.41183273955697	3.99197141337783	4.00589809662752	4.00397871611567	4.00397871611567	3.94552947274218	3.9288201392803	4.00397871611567	5.38513338509091	5.63357869358051	5.54005583227081	5.54005583227081	5.54413801161761	5.54005583227081	4.00397871611567	2.60341434411461	2.69875819576678	2.61533084786394	2.61533084786394	2.49400023312273	2.61533084786394
3.99942658617724	3.99942658617724	4.71488512262394	4.36019427088358	4.02509287636041	4.10391418456392	3.99942658617724	3.42801050483126	3.60285448902075	3.56729048564168	3.53563964856861	3.99942658617724	4.00968599262866	4.00449658522603	4.00449658522603	3.94700958049414	3.92949083782804	4.00449658522603	5.38434533935034	5.65273582130047	5.5487197462603	5.5487197462603	5.54945714820165	5.5487197462603	4.00449658522603	2.6028217767778	2.72932362700193	2.6633808236029	2.6633808236029	2.55285819440306	2.6633808236029
3.98840244767599	3.98840244767599	4.71146273156573	4.36480570597843	4.03480916765676	4.10875034007641	3.98840244767599	3.42732766405339	3.61637323026005	3.67574562409999	3.61417445035888	3.98840244767599	4.00236774992171	3.99992919772113	3.99992919772113	3.93968910023055	3.92717747720116	3.99992919772113	5.37724484110437	5.64827913719968	5.54095335900374	5.54095335900374	5.54246165105421	5.54095335900374	3.99992919772113	2.59693129425483	2.7476871412598	2.69831747855083	2.69831747855083	2.60658462695725	2.69831747855083
3.97662486085991	3.97662486085991	4.69495215892294	4.35754388308462	4.03784360353254	4.10260222973992	3.97662486085991	3.40993530083108	3.65420458584288	3.71116378962468	3.66240707372822	3.97662486085991	3.99037800981975	3.98526189301092	3.98526189301092	3.92534129343405	3.91649036979537	3.98526189301092	5.36180477441364	5.62635447618188	5.5383171685615	5.5383171685615	5.54796886399395	5.5383171685615	3.98526189301092	2.58300707997783	2.7537464564392	2.71478554967242	2.71478554967242	2.63679414504686	2.71478554967242
3.95755072194228	3.95755072194228	4.67201886545051	4.35409929327284	4.05268168560326	4.10989082296382	3.95755072194228	3.38570481022798	3.69419374136564	3.74755139966516	3.69634338751056	3.95755072194228	3.97284327046796	3.96787616838349	3.96787616838349	3.90823790070051	3.90317145434536	3.96787616838349	5.34481417104692	5.60037931614688	5.51254290035744	5.51254290035744	5.52113173357474	5.51254290035744	3.96787616838349	2.56812397346839	2.75754268100658	2.73142462128491	2.73142462128491	2.65542660497956	2.73142462128491
3.95180072164486	3.95180072164486	4.64317474477523	4.35530182582588	4.07588283005715	4.11745206823495	3.95180072164486	3.35473480574306	3.7028926448244	3.74019408992114	3.71493993928891	3.95180072164486	3.96342525074483	3.94598550843195	3.94598550843195	3.88534723532944	3.8858552965272	3.94598550843195	5.32053357789999	5.54333700739598	5.4897737955156	5.4897737955156	5.50906086738688	5.4897737955156	3.94598550843195	2.54769632021254	2.74684530396896	2.73053156128691	2.73053156128691	2.66061889567796	2.73053156128691
3.9364938243014	3.9364938243014	4.60644727434867	4.38877018653725	4.13039457295088	4.1528457014744	3.9364938243014	3.31505000565138	3.70403078613817	3.74844768816562	3.74235495351929	3.9364938243014	3.95157384857674	3.93096163771449	3.93096163771449	3.86929496051184	3.87061081908617	3.93096163771449	5.3054996304286	5.48812413318729	5.46738422913645	5.46738422913645	5.49419685857918	5.46738422913645	3.93096163771449	2.53555134666514	2.73306163423831	2.70159078852639	2.70159078852639	2.63267620470348	2.70159078852639
3.91508003009035	3.91508003009035	4.58402461634781	4.44601622299375	4.19686053180053	4.21865056895069	3.91508003009035	3.29248865178131	3.72604884275336	3.76781021504393	3.76640553009202	3.91508003009035	3.93687641770945	3.9227718635398	3.9227718635398	3.86851820297397	3.87088230186337	3.9227718635398	5.29893101210038	5.42985727970418	5.43939343732393	5.43939343732393	5.4803815904644	5.43939343732393	3.9227718635398	2.52882526850319	2.71767925639705	2.67446389421725	2.67446389421725	2.59560477389178	2.67446389421725
3.90187485699353	3.90187485699353	4.56104554450338	4.49726077172137	4.22992871673521	4.32807867059503	3.90187485699353	3.27037569517151	3.71943798741942	3.77458766704433	3.77610977152944	3.90187485699353	3.92481062349931	3.9120312559145	3.9120312559145	3.86869597929552	3.87242871247227	3.9120312559145	5.2924626708747	5.38062382427606	5.42411490406915	5.42411490406915	5.47570768136988	5.42411490406915	3.9120312559145	2.51903889436236	2.69953479741732	2.64543516070097	2.64543516070097	2.54339154838002	2.64543516070097
3.90131968455102	3.90131968455102	4.54407635834444	4.52891307921855	4.21081249658027	4.40333071898964	3.90131968455102	3.25247154687828	3.68803001104274	3.77314828483625	3.77723071693636	3.90131968455102	3.91756471789775	3.89968856894678	3.89968856894678	3.86951923146327	3.87636955148635	3.89968856894678	5.28531914694222	5.32665009207711	5.40885629560857	5.40885629560857	5.47511894563913	5.40885629560857	3.89968856894678	2.50571066493386	2.66812061307322	2.60600803987099	2.60600803987099	2.48790181576799	2.60600803987099
3.91214554717994	3.91214554717994	4.56095545196765	4.53929948097224	4.22361415285332	4.48761937047931	3.91214554717994	3.26737457463428	3.67051227189133	3.77218744484598	3.77261762183383	3.91214554717994	3.92157199783765	3.90538019833833	3.90538019833833	3.88481103877186	3.89466144166977	3.90538019833833	5.29564880527472	5.28559791868872	5.39841055755119	5.39841055755119	5.49333772467771	5.39841055755119	3.90538019833833	2.51337252394142	2.64176872936721	2.57319278484314	2.57319278484314	2.45355286490544	2.57319278484314
3.91460416799677	3.91460416799677	4.53573504306462	4.52378111752903	4.2760254252632	4.50671363867074	3.91460416799677	3.24193900647478	3.63644353986444	3.77308473780887	3.7717489249188	3.91460416799677	3.92452314897312	3.90552252004442	3.90552252004442	3.89339858302278	3.90784954006237	3.90552252004442	5.2994149771083	5.25205782628163	5.37152177293445	5.37152177293445	5.49179416108634	5.37152177293445	3.90552252004442	2.51607634739875	2.59895029045325	2.52758818992015	2.52758818992015	2.41797518131276	2.52758818992015
3.92170244422599	3.92170244422599	4.53344125270079	4.49445014520899	4.33419790267874	4.51880335196709	3.92170244422599	3.23995056800345	3.61280202144159	3.78570761042551	3.77066344147644	3.92170244422599	3.93038793254164	3.91225959357612	3.91225959357612	3.90447610210275	3.92681828274499	3.91225959357612	5.30895771195296	5.23034141586351	5.35132549048707	5.35132549048707	5.47871838903885	5.35132549048707	3.91225959357612	2.52585976784506	2.54864452289888	2.48783170888112	2.48783170888112	2.39963169048493	2.48783170888112
3.94303692808812	3.94303692808812	4.56219147203109	4.46063985437104	4.38600088295175	4.53320047169521	3.94303692808812	3.26869246540164	3.60039527123717	3.7879936653222	3.77195041188086	3.94303692808812	3.94332581219482	3.92551265838426	3.92551265838426	3.91636822889853	3.94641776432587	3.92551265838426	5.32529748733883	5.22396293712365	5.33655076760466	5.33655076760466	5.4657096091408	5.33655076760466	3.92551265838426	2.54255037510543	2.49458329195782	2.43881672607511	2.43881672607511	2.37339630164079	2.43881672607511
3.95747141159335	3.95747141159335	4.55551226228196	4.43494547943492	4.43670486788928	4.57672385486925	3.95747141159335	3.26459906019877	3.57761026730166	3.78801014664173	3.76795290153727	3.95747141159335	3.95484346031333	3.93237566169808	3.93237566169808	3.92230319529938	3.95862340731532	3.93237566169808	5.33462355962568	5.21161971089927	5.31564641955695	5.31564641955695	5.44086464032725	5.31564641955695	3.93237566169808	2.55430300165467	2.44428820046591	2.40302121759763	2.40302121759763	2.35683511866488	2.40302121759763
3.98146279214463	3.98146279214463	4.58365711608443	4.42499816970832	4.48390805441677	4.61157628007802	3.98146279214463	3.29314784001746	3.56996426594333	3.79120971898102	3.77395657645531	3.98146279214463	3.97623424468548	3.95282473433329	3.95282473433329	3.94830373863762	3.98880337763982	3.95282473433329	5.35402610557644	5.20826154339217	5.30321283635772	5.30321283635772	5.42140301326787	5.30321283635772	3.95282473433329	2.57518341888216	2.40680025569332	2.38701362521217	2.38701362521217	2.36266646761234	2.38701362521217
4.00180589664513	4.00180589664513	4.59234521430063	4.40999054672152	4.50854559442302	4.60603740142859	4.00180589664513	3.30438105558981	3.56485169292227	3.79083064053515	3.7795654548096	4.00180589664513	3.99522643614299	3.96929837336673	3.96929837336673	3.95947373222375	4.00310890633093	3.96929837336673	5.37114339492602	5.20721666468795	5.29649497797228	5.29649497797228	5.40872612256087	5.29649497797228	3.96929837336673	2.59309073652455	2.37399657757493	2.37103636276474	2.37103636276474	2.36139039256799	2.37103636276474
4.02540072545176	4.02540072545176	4.60137627906198	4.4044385643418	4.52612904111073	4.57934328132115	4.02540072545176	3.3168316430889	3.55982252792674	3.79017077914204	3.77538437552989	4.02540072545176	4.01909169554099	3.98937064143596	3.98937064143596	3.97842240757186	4.02793283664992	3.98937064143596	5.39026016374638	5.21403014655315	5.29935303640714	5.29935303640714	5.41058864891317	5.29935303640714	3.98937064143596	2.61287671629264	2.35094187410014	2.36733585500516	2.36733585500516	2.36621488952161	2.36733585500516
4.05216796821558	4.05216796821558	4.61803948837965	4.41928267580111	4.50406656485168	4.55542677540821	4.05216796821558	3.33644712393595	3.57412866080878	3.80920316897655	3.77774332260098	4.05216796821558	4.04565650184465	4.01503075925531	4.01503075925531	4.00215470076214	4.05394120727227	4.01503075925531	5.41669302301364	5.23185901602523	5.31351026707687	5.31351026707687	5.41732149916815	5.31351026707687	4.01503075925531	2.64091471754287	2.3560729938801	2.38589803526546	2.38589803526546	2.39396147870399	2.38589803526546
4.09023693570191	4.09023693570191	4.65802097447104	4.43825576398203	4.48672002500197	4.53417538906099	4.09023693570191	3.37765619663575	3.59007603875531	3.80231435872296	3.77589442977803	4.09023693570191	4.07870780038078	4.0471123880259	4.0471123880259	4.03208573988201	4.085805948646	4.0471123880259	5.45039281926339	5.26871586176047	5.34927428352669	5.34927428352669	5.4573429848518	5.34927428352669	4.0471123880259	2.67322968702815	2.38062635152449	2.41612680937005	2.41612680937005	2.42339088643583	2.41612680937005
4.12350762707798	4.12350762707798	4.6932656065529	4.45143273151951	4.45703586110157	4.52671769521725	4.12350762707798	3.41254993044166	3.608935413648	3.79554087379547	3.77581882991557	4.12350762707798	4.11380362261597	4.08392963893695	4.08392963893695	4.07115092147143	4.12424258764616	4.08392963893695	5.48721756785374	5.3060326853585	5.38631203160347	5.38631203160347	5.49487449538289	5.38631203160347	4.08392963893695	2.70880219862393	2.40244054128231	2.45039924060581	2.45039924060581	2.4604637769419	2.45039924060581
4.1639559050322	4.1639559050322	4.75978743015083	4.48171066782617	4.47720719904943	4.52432574333466	4.1639559050322	3.47402949126006	3.63949263695222	3.77037713372032	3.76572436577144	4.1639559050322	4.15566040013537	4.13315343891652	4.13315343891652	4.12653300107016	4.17698908401235	4.13315343891652	5.53663055190936	5.36847865984289	5.44778965758216	5.44778965758216	5.55880917631405	5.44778965758216	4.13315343891652	2.75614996344266	2.45775079442866	2.5082510126032	2.5082510126032	2.51777392351525	2.5082510126032
4.19338004448517	4.19338004448517	4.80140069391651	4.51895378690802	4.47848687168907	4.51331186992502	4.19338004448517	3.51200302819733	3.64180932794181	3.74080239375012	3.74859525379879	4.19338004448517	4.18428413393992	4.16357900496551	4.16357900496551	4.16527172562873	4.21755657306522	4.16357900496551	5.56784791402272	5.41281988983505	5.50374052511902	5.50374052511902	5.62072853292073	5.50374052511902	4.16357900496551	2.78210798428588	2.50962554042459	2.56098258453914	2.56098258453914	2.5673618202846	2.56098258453914
4.24290935739186	4.24290935739186	4.86519659124147	4.54557008220864	4.47696679191736	4.49576972472139	4.24290935739186	3.57554070600535	3.63745668328685	3.68044875876165	3.69237320532377	4.24290935739186	4.22634637946133	4.20381073486176	4.20381073486176	4.20742779362343	4.26071798395202	4.20381073486176	5.60750734035807	5.47175448770522	5.57276204568181	5.57276204568181	5.68470930605001	5.57276204568181	4.20381073486176	2.82113389285092	2.57902212222397	2.63090566562193	2.63090566562193	2.63741979121835	2.63090566562193
4.27526797975524	4.27526797975524	4.91016467142721	4.56855961413288	4.47631549231358	4.49285671966988	4.27526797975524	3.62242250200467	3.64941206015256	3.63126633228909	3.61108070671884	4.27526797975524	4.25815082955696	4.23855454963465	4.23855454963465	4.2440713496965	4.29713239123305	4.23855454963465	5.64068085825974	5.53410373030814	5.64423638468382	5.64423638468382	5.75439290267675	5.64423638468382	4.23855454963465	2.85550259571536	2.63965528123298	2.6915221182132	2.6915221182132	2.69639969338905	2.6915221182132
4.30092487763404	4.30092487763404	4.94413104499089	4.58291025058707	4.47645795330936	4.48877658768732	4.30092487763404	3.65745498707442	3.66920778971065	3.67623758980283	3.58552967071118	4.30092487763404	4.28482845229635	4.26652236799193	4.26652236799193	4.26457608132154	4.32137666305893	4.26652236799193	5.66608413742633	5.59363588519212	5.70283364499767	5.70283364499767	5.80599070454929	5.70283364499767	4.26652236799193	2.88434392617829	2.69818862138135	2.74183234056459	2.74183234056459	2.7404062649153	2.74183234056459
4.32317143050887	4.32317143050887	4.97198334794404	4.60910352257107	4.48370957659294	4.49347559589423	4.32317143050887	3.68428167007466	3.70084575123191	3.72041486435407	3.5181859307296	4.32317143050887	4.30843026312795	4.29020388361249	4.29020388361249	4.28095521708503	4.33756518827082	4.29020388361249	5.6875607597651	5.64854365407957	5.75325592747624	5.75325592747624	5.84666446265073	5.75325592747624	4.29020388361249	2.90778965495545	2.76493301279055	2.78057590138992	2.78057590138992	2.76017283279537	2.78057590138992
4.35549039769778	4.35549039769778	5.0234847732499	4.6573635849989	4.48121262933635	4.49139100724742	4.35549039769778	3.73221808655551	3.73944609900665	3.7293886756021	3.44042162250529	4.35549039769778	4.34009850231133	4.31985877613686	4.31985877613686	4.30464448816173	4.36098775405866	4.31985877613686	5.71195213789322	5.72348924862604	5.81257393132328	5.81257393132328	5.88737330735706	5.81257393132328	4.31985877613686	2.93589509840813	2.83180871120781	2.82665365251281	2.82665365251281	2.78910210136638	2.82665365251281
4.35751281159549	4.35751281159549	5.02240978034847	4.66565866173139	4.47693515771461	4.49257191082433	4.35751281159549	3.7288449243893	3.79973876249846	3.76160712205674	3.47155499652207	4.35751281159549	4.35119386291353	4.33287944114001	4.33287944114001	4.31231434313254	4.36386689246214	4.33287944114001	5.72271192882567	5.77687446307781	5.83238157442342	5.83238157442342	5.89234161363872	5.83238157442342	4.33287944114001	2.94366893265122	2.86749412346649	2.85177833033078	2.85177833033078	2.8084343724818	2.85177833033078
4.37666626086205	4.37666626086205	5.05790355084775	4.69815834574982	4.47359530541468	4.49603129345022	4.37666626086205	3.76327343130178	3.86752140131646	3.77507201452977	3.52192714547261	4.37666626086205	4.37196784715691	4.35480500608497	4.35480500608497	4.33162953364578	4.37947271302113	4.35480500608497	5.74144594078793	5.83066280075456	5.86075345729849	5.86075345729849	5.90583656050602	5.86075345729849	4.35480500608497	2.96187457440048	2.93923335473193	2.8953657630384	2.8953657630384	2.82910114983217	2.8953657630384
4.38721453726972	4.38721453726972	5.07675986063739	4.71640887312727	4.46651343039985	4.49113283295901	4.38721453726972	3.78236596247089	3.92817354329281	3.76571014008895	3.57845898464504	4.38721453726972	4.38731405560635	4.37371868813191	4.37371868813191	4.3582364336452	4.3984743380243	4.37371868813191	5.7581602541607	5.88886196625881	5.8888534942977	5.8888534942977	5.92076956570441	5.8888534942977	4.37371868813191	2.97738801358609	2.99919955581995	2.93595374546053	2.93595374546053	2.84152711359	2.93595374546053
4.39958695170277	4.39958695170277	5.11768306761872	4.74937046138642	4.46979087216952	4.49568820185998	4.39958695170277	3.82665005877393	3.98865463475847	3.81453270777821	3.68205849185905	4.39958695170277	4.40372705432763	4.40061188381185	4.40061188381185	4.38299215386211	4.41502875481371	4.40061188381185	5.7840009700656	5.9413537307433	5.91805187248316	5.91805187248316	5.94355302567654	5.91805187248316	4.40061188381185	3.00095189307798	3.05615775448708	2.99404965470905	2.99404965470905	2.88724444395629	2.99404965470905
4.38614384755916	4.38614384755916	5.07556182263898	4.74336895482045	4.46819898947679	4.49602490105861	4.38614384755916	3.78279380582135	4.01714840322544	3.89488608699262	3.80029714999471	4.38614384755916	4.39678900270904	4.39017597160004	4.39017597160004	4.37702963617498	4.40503215920085	4.39017597160004	5.77532690705146	5.95536653910264	5.91348751406015	5.91348751406015	5.93196361731488	5.91348751406015	4.39017597160004	2.99038083450374	3.08677584894597	3.02777262971451	3.02777262971451	2.90850780088722	3.02777262971451
4.39332143413731	4.39332143413731	5.08433703887047	4.76622589433067	4.46122498388045	4.50118042084164	4.39332143413731	3.79430076651013	4.05658935775031	4.01935779250406	3.943436057446	4.39332143413731	4.40341809475082	4.39492112269635	4.39492112269635	4.38131413947075	4.40525126421761	4.39492112269635	5.7782533519263	5.97791914877668	5.91769494367082	5.91769494367082	5.9300718202224	5.91769494367082	4.39492112269635	2.99288382120331	3.12293535704831	3.07108060046287	3.07108060046287	2.95645084253083	3.07108060046287
4.39264729617141	4.39264729617141	5.08872454123601	4.76924181855293	4.45366503744097	4.48918729135565	4.39264729617141	3.79990465062518	4.07915577955199	4.16690371879939	4.08801521808344	4.39264729617141	4.40853931456695	4.4031326362681	4.4031326362681	4.38895801002673	4.41176798240081	4.4031326362681	5.78221761702081	5.98926606681755	5.92406112826525	5.92406112826525	5.93523791232623	5.92406112826525	4.4031326362681	2.9980711641312	3.16927691016287	3.13634720056388	3.13634720056388	3.02444418343906	3.13634720056388
4.39474902041805	4.39474902041805	5.10753355526027	4.78684807095552	4.46123011699025	4.49614933814438	4.39474902041805	3.82409211235796	4.12834277394757	4.27854042345165	4.24240977527779	4.39474902041805	4.40520774319775	4.40006849939278	4.40006849939278	4.38112448490967	4.40386786661022	4.40006849939278	5.7781070736784	5.98090567850773	5.91708600882599	5.91708600882599	5.93120614623651	5.91708600882599	4.40006849939278	2.99408529017636	3.19372222634687	3.17694315936824	3.17694315936824	3.07324849605749	3.17694315936824
4.37428695039415	4.37428695039415	5.07243089535685	4.77929015470121	4.47794543418473	4.49766932409061	4.37428695039415	3.78523701213571	4.16463259906914	4.32669101844975	4.32251549822502	4.37428695039415	4.39153881084122	4.38579325487218	4.38579325487218	4.360826840815	4.38715614152284	4.38579325487218	5.76185242718519	5.94880496789927	5.90325329157532	5.90325329157532	5.92555980117207	5.90325329157532	4.38579325487218	2.9788285608352	3.20831490500222	3.1850960906649	3.1850960906649	3.10690091713265	3.1850960906649
