Var1_ 1	Var1_ 2	Var1_ 3	Var1_ 4	Var1_ 5	Var1_ 6	Var1_ 7	Var1_ 8	Var1_ 9	Var1_10	Var1_11	Var1_12	Var1_13	Var1_14	Var1_15	Var1_16	Var1_17	Var1_18	Var1_19	Var1_20	Var1_21	Var1_22	Var1_23	Var1_24	Var1_25	Var1_26	Var1_27	Var1_28	Var1_29	Var1_30	Var1_31
8.10611843652337	8.10611843652337	7.37212622768023	4.79681277507529	1.94432629891209	2.01796278070571	8.10611843652337	7.43914674854441	4.52732856294598	1.94110320041969	1.55679818548806	8.10611843652337	8.92175977167444	9.73271141355392	9.73271141355392	10.354991767055	10.9690908340821	9.73271141355392	10.1775919446851	8.36100087842526	7.05114836059842	7.05114836059842	6.83244234918056	7.05114836059842	9.73271141355392	9.9675865261772	8.04198448321279	7.34227401508437	7.34227401508437	7.36590224793704	7.34227401508437
8.08391153882301	8.08391153882301	7.35549531704693	4.77184059127941	1.90867079327718	1.93816093295678	8.08391153882301	7.4104018528638	4.52638781322764	2.00585501103224	1.56719226028714	8.08391153882301	8.89971679095791	9.71212239960165	9.71212239960165	10.3341645726032	10.9464510735304	9.71212239960165	10.1506882944287	8.32566328966594	7.0137309602756	7.0137309602756	6.79328156628524	7.0137309602756	9.71212239960165	9.95358053652098	8.03058306901892	7.31712915672349	7.31712915672349	7.3346335712145	7.31712915672349
8.05476498559129	8.05476498559129	7.32451632152043	4.74489048947995	1.86612887354512	1.77699535558606	8.05476498559129	7.38104001920657	4.51996021679179	2.09834819082148	1.59636844617246	8.05476498559129	8.87085703944876	9.68508045684355	9.68508045684355	10.3078550738171	10.9176447259503	9.68508045684355	10.1200428780384	8.28669704733907	6.97195738381273	6.97195738381273	6.74996552527632	6.97195738381273	9.68508045684355	9.92916622248565	8.00451256308275	7.25298396702358	7.25298396702358	7.26088801476015	7.25298396702358
8.03807015714156	8.03807015714156	7.30636485173545	4.73141824438197	1.855797242498	1.69103094653977	8.03807015714156	7.36652017910932	4.4875086732765	2.23278091952643	1.62717628767129	8.03807015714156	8.85425614944441	9.66951385199772	9.66951385199772	10.2928139227485	10.8993201341513	9.66951385199772	10.090880619247	8.23940927657513	6.92252591070443	6.92252591070443	6.69796088555357	6.92252591070443	9.66951385199772	9.92617469610451	7.99046431842269	7.16983215992847	7.16983215992847	7.15671896620156	7.16983215992847
8.04140119179661	8.04140119179661	7.33353025550792	4.72651524056172	1.86953096366489	1.66441128183133	8.04140119179661	7.34589517863541	4.40758514885932	2.39720394650556	1.65607897760673	8.04140119179661	8.85763430703057	9.67389463932723	9.67389463932723	10.2978802300292	10.9016690669844	9.67389463932723	10.0862636067759	8.21448573677709	6.89667283396671	6.89667283396671	6.67012599461124	6.89667283396671	9.67389463932723	9.93837002636491	7.98752335190307	7.08364093387447	7.08364093387447	7.04343614043607	7.08364093387447
8.06884257252634	8.06884257252634	7.3622163106137	4.70125448665574	1.86834791527305	1.64799175369868	8.06884257252634	7.37299197506591	4.38705420237285	2.57445805090745	1.72704545408227	8.06884257252634	8.88494659552858	9.70152640902796	9.70152640902796	10.3256185971405	10.9274862843395	9.70152640902796	10.101539843283	8.21294702244825	6.89784912253429	6.89784912253429	6.67217712548893	6.89784912253429	9.70152640902796	9.9773398450044	8.01614722255565	7.02727215631424	7.02727215631424	6.95716285715805	7.02727215631424
8.10143912593651	8.10143912593651	7.41557550712997	4.68398328450041	1.87119062353622	1.6475444582032	8.10143912593651	7.38668831956945	4.38180309987293	2.76382078460846	1.87917708378711	8.10143912593651	8.91769335836161	9.73422477100997	9.73422477100997	10.3582597084278	10.9584021465823	9.73422477100997	10.1366428473126	8.23615867663591	6.93223585024689	6.93223585024689	6.71228370322374	6.93223585024689	9.73422477100997	10.0073376079713	8.037077077086	6.96388704515033	6.96388704515033	6.84342603943224	6.96388704515033
8.13149774818092	8.13149774818092	7.45791738114023	4.66673085866231	1.87342756825557	1.64591746845234	8.13149774818092	7.40778433214837	4.42375846613015	2.91528678553721	2.02967275964535	8.13149774818092	8.94777491422123	9.7642571245225	9.7642571245225	10.388302780725	10.9889561802365	9.7642571245225	10.1700458733183	8.2596534912775	6.97908294191247	6.97908294191247	6.77687304535572	6.97908294191247	9.7642571245225	10.0351188477403	8.05545917110405	6.92332674553273	6.92332674553273	6.75810403233504	6.92332674553273
8.17000292258636	8.17000292258636	7.4955280728055	4.64936523073342	1.87939356288817	1.64049212078572	8.17000292258636	7.44931570608672	4.51615072868719	2.9862223701933	2.11988207712175	8.17000292258636	8.98608934837163	9.80272083304474	9.80272083304474	10.4267762037146	11.02733234171	9.80272083304474	10.2118648286593	8.29361486598983	7.0522983007048	7.0522983007048	6.86365122137493	7.0522983007048	9.80272083304474	10.0702145818322	8.08217464595728	6.89689885763984	6.89689885763984	6.70754649084222	6.89689885763984
8.18475464748731	8.18475464748731	7.51008321007502	4.62276312207662	1.87503821847002	1.62763438184836	8.18475464748731	7.46641815730847	4.60494862007718	2.95562519127511	2.13217370620348	8.18475464748731	9.00082830142783	9.81756732846042	9.81756732846042	10.4415474578988	11.0429654852722	9.81756732846042	10.2406549184304	8.31737011739749	7.13821284390832	7.13821284390832	6.97740928756183	7.13821284390832	9.81756732846042	10.0710872893423	8.07817807508714	6.8554974644329	6.8554974644329	6.65826334886531	6.8554974644329
8.20600982100051	8.20600982100051	7.53421914745076	4.62032290907933	1.89537481896076	1.64256377966283	8.20600982100051	7.48518840141687	4.70802508168928	2.84767717358251	2.09312089275456	8.20600982100051	9.02230663606845	9.83895627845311	9.83895627845311	10.4626740747657	11.0652663605226	9.83895627845311	10.2683406936175	8.34159019635744	7.24359763386659	7.24359763386659	7.11291841107421	7.24359763386659	9.83895627845311	10.0860286492238	8.09590964739508	6.84027265020166	6.84027265020166	6.63701088807905	6.84027265020166
8.20378913123047	8.20378913123047	7.53060579997246	4.5930770508556	1.90220478055037	1.64138973769688	8.20378913123047	7.48484540586724	4.78981741935879	2.6548164056526	1.99531710411107	8.20378913123047	9.02004993530134	9.83681570461122	9.83681570461122	10.4606005032546	11.0639385240595	9.83681570461122	10.2686665975305	8.3414783654653	7.33664726623849	7.33664726623849	7.24192966681543	7.33664726623849	9.83681570461122	10.0816369590169	8.10336329298164	6.82226373934976	6.82226373934976	6.60025169089689	6.82226373934976
8.19998223448184	8.19998223448184	7.52905524726306	4.57056912770435	1.90968813767008	1.64138082988355	8.19998223448184	7.47841714315817	4.84530910490667	2.42902888684028	1.89257832438212	8.19998223448184	9.01627210234025	9.83305156213568	9.83305156213568	10.4567370938132	11.0606295612692	9.83305156213568	10.2698501035385	8.3436479019441	7.44024955011383	7.44024955011383	7.38041846417189	7.44024955011383	9.83305156213568	10.0737030898209	8.11689482102051	6.81681561992347	6.81681561992347	6.59024931829102	6.81681561992347
8.20656499344302	8.20656499344302	7.54085979117109	4.56658397871039	1.91648479231426	1.63114411415708	8.20656499344302	7.47461334161837	4.8832386564427	2.22326092219002	1.84221353910228	8.20656499344302	9.02292619429862	9.83974478769315	9.83974478769315	10.4634565052786	11.0678072794211	9.83974478769315	10.2830780155452	8.35855738714112	7.55361553685364	7.55361553685364	7.5258971925799	7.55361553685364	9.83974478769315	10.0738667997294	8.13915684229003	6.8219392020606	6.8219392020606	6.58292684713754	6.8219392020606
8.21806499403784	8.21806499403784	7.55271609486651	4.57465191054025	1.9304176570736	1.63026095311032	8.21806499403784	7.48429172869519	4.90021507216883	2.08849058655594	1.86870493188672	8.21806499403784	9.0343917417162	9.85128081530099	9.85128081530099	10.4749517720086	11.0787402045757	9.85128081530099	10.2931357620471	8.37112475951242	7.66118623182806	7.66118623182806	7.65335467579098	7.66118623182806	9.85128081530099	10.0870077514822	8.17448134867855	6.84597441739744	6.84597441739744	6.59511610635975	6.84597441739744
8.21727189054855	8.21727189054855	7.54637061770001	4.58145264833023	1.94560381624426	1.62708617553054	8.21727189054855	7.4870653941822	4.90701355387681	2.05042700418157	1.99137518622673	8.21727189054855	9.03365639542136	9.85044596008755	9.85044596008755	10.4740644889629	11.0772893531218	9.85044596008755	10.2933119987474	8.37353390067643	7.73337302525871	7.73337302525871	7.74975161562421	7.73337302525871	9.85044596008755	10.0852732627916	8.19560153502975	6.86243170419826	6.86243170419826	6.60224567530748	6.86243170419826
8.21203740751918	8.21203740751918	7.5430761428662	4.61661077221268	1.97489733039779	1.62566711646675	8.21203740751918	7.48123292948758	4.91913421460948	2.07531467230258	2.11575446803307	8.21203740751918	9.02832838824449	9.84530999116694	9.84530999116694	10.4690340856597	11.0719510136448	9.84530999116694	10.2950962060224	8.37629501881758	7.77439207592167	7.77439207592167	7.79641002509614	7.77439207592167	9.84530999116694	10.0731239708706	8.19950577726251	6.86663047401036	6.86663047401036	6.60033509862552	6.86663047401036
8.19343913069513	8.19343913069513	7.52595755943755	4.63664212294765	2.02378682534002	1.63007192329616	8.19343913069513	7.45630556379921	4.90848734442659	2.07480222467263	2.15880682902527	8.19343913069513	9.0096565025131	9.82692658951552	9.82692658951552	10.4503883720019	11.0524446381483	9.82692658951552	10.2888574862462	8.37015445369772	7.77043007589096	7.77043007589096	7.78851738059644	7.77043007589096	9.82692658951552	10.0420286454405	8.17646334409168	6.84729116263337	6.84729116263337	6.5752904009726	6.84729116263337
8.16556154304629	8.16556154304629	7.49506654171805	4.61179960824098	2.10732946558898	1.66097469651871	8.16556154304629	7.43542063879041	4.86120328497732	2.01361128743153	2.03222143491246	8.16556154304629	8.9815943178352	9.79911334533118	9.79911334533118	10.4218884404387	11.0230028567577	9.79911334533118	10.2726665038988	8.35359661272062	7.71666813409092	7.71666813409092	7.7252079844596	7.71666813409092	9.79911334533118	10.0010573789166	8.13940079932855	6.81384845082371	6.81384845082371	6.54255358787888	6.81384845082371
8.13819947266549	8.13819947266549	7.4716354991593	4.60427995510449	2.21189603511974	1.68857583712633	8.13819947266549	7.40456992219054	4.83032478011176	1.96955440756947	1.8478332342815	8.13819947266549	8.95386131579491	9.77204805648322	9.77204805648322	10.3939662848774	10.9931832963998	9.77204805648322	10.2445960941653	8.32617179958306	7.62570357175444	7.62570357175444	7.61811103837597	7.62570357175444	9.77204805648322	9.97352767694693	8.10045682893909	6.77766867177464	6.77766867177464	6.5100643716663	6.77766867177464
8.13724774847833	8.13724774847833	7.44412890382723	4.5552285154619	2.36395412622148	1.73466635104432	8.13724774847833	7.43428894687037	4.83260867809443	1.97526498790613	1.78070411714642	8.13724774847833	8.95258999050751	9.77073371058965	9.77073371058965	10.3913115328997	10.9882113165218	9.77073371058965	10.250793585327	8.33176751266067	7.52710434069988	7.52710434069988	7.48708213296944	7.52710434069988	9.77073371058965	9.96226675436417	8.07828669196519	6.75420877522459	6.75420877522459	6.48703605517171	6.75420877522459
8.14581326616275	8.14581326616275	7.44889022503852	4.51234662850867	2.5502948156103	1.78551683712209	8.14581326616275	7.45239256097996	4.82050127286589	1.98134274387832	1.75329829971059	8.14581326616275	8.96082292689533	9.77901496148656	9.77901496148656	10.3992724741323	10.9945545835796	9.77901496148656	10.2655446084633	8.34563743834408	7.42035304685403	7.42035304685403	7.34106284036024	7.42035304685403	9.77901496148656	9.96166389672675	8.06203716891561	6.73389936865889	6.73389936865889	6.46581420849104	6.73389936865889
8.16365809467197	8.16365809467197	7.46115817029917	4.47463014632769	2.73335212786375	1.87645649154111	8.16365809467197	7.47300380571458	4.79280864616975	1.97934869903087	1.74515893091532	8.16365809467197	8.97867817135204	9.79699381895564	9.79699381895564	10.4160545198961	11.0100360252884	9.79699381895564	10.2782258420417	8.35762727758364	7.31335075677612	7.31335075677612	7.19472795637374	7.31335075677612	9.79699381895564	9.98453070091529	8.06393334417254	6.73188918591097	6.73188918591097	6.46298128904472	6.73188918591097
8.20807189007268	8.20807189007268	7.49300070609969	4.48636680521929	2.93299913291435	2.05241806229741	8.20807189007268	7.52956032613401	4.77890199867271	1.98824338182069	1.75081420705996	8.20807189007268	9.0235357376067	9.84161570765401	9.84161570765401	10.4608150251466	11.0541366343178	9.84161570765401	10.3134264205219	8.39094096461073	7.24392133595286	7.24392133595286	7.08886193548926	7.24392133595286	9.84161570765401	10.0391986306746	8.09837534225341	6.76577436506745	6.76577436506745	6.49797046828988	6.76577436506745
8.24154085732108	8.24154085732108	7.52301181931711	4.54246303784962	3.06275993158911	2.19504180080867	8.24154085732108	7.57048049100676	4.75807576678065	1.98996851902372	1.74179107189755	8.24154085732108	9.05718140340733	9.87497690901665	9.87497690901665	10.4948771442713	11.0888798803635	9.87497690901665	10.3373880199359	8.41388160563486	7.18898076760266	7.18898076760266	6.99859251712781	7.18898076760266	9.87497690901665	10.0832047706484	8.12392837494722	6.79832254357153	6.79832254357153	6.54055752913572	6.79832254357153
8.27124258299531	8.27124258299531	7.54741362973441	4.62742445186083	3.09329074541637	2.25658136658019	8.27124258299531	7.60739970495791	4.74694640001659	1.9966235657108	1.74025761928922	8.27124258299531	9.08714225414157	9.90482338559735	9.90482338559735	10.5267602960569	11.1225109870688	9.90482338559735	10.3489135692756	8.42724956810664	7.15325046100838	7.15325046100838	6.94439854482118	7.15325046100838	9.90482338559735	10.1320216647473	8.15462681756281	6.84673449509261	6.84673449509261	6.59813827972165	6.84673449509261
8.29146672197242	8.29146672197242	7.5755651789675	4.7375652448183	3.01659974781817	2.21594030754113	8.29146672197242	7.62683715310232	4.72544211477604	1.99943613798679	1.74437503201726	8.29146672197242	9.10739652817878	9.92493469162751	9.92493469162751	10.5474795730526	11.1464478896504	9.92493469162751	10.3543322676538	8.43771972439711	7.13760300810409	7.13760300810409	6.92163744762711	7.13760300810409	9.92493469162751	10.167728007975	8.17861071822376	6.90360649001242	6.90360649001242	6.67593284611029	6.90360649001242
8.28563741132607	8.28563741132607	7.56896194434508	4.8282865525602	2.8446865481436	2.10278660985953	8.28563741132607	7.61942818510275	4.69142313491554	1.99946654830116	1.73387083368395	8.28563741132607	9.10165841461703	9.91901865406128	9.91901865406128	10.5422543665784	11.1436563683389	9.91901865406128	10.3318240439543	8.42824575240825	7.11636068304748	7.11636068304748	6.89862562488564	7.11636068304748	9.91901865406128	10.1791366317132	8.18603594794968	6.96999732546421	6.96999732546421	6.77510719913494	6.96999732546421
8.27592189358217	8.27592189358217	7.55931282089256	4.91444269751994	2.62598666277265	1.99332798069355	8.27592189358217	7.60903648132768	4.65813583828223	2.00158572601565	1.72496813952728	8.27592189358217	9.09212828657095	9.90907131151985	9.90907131151985	10.5326433517265	11.136046545367	9.90907131151985	10.3114335054532	8.4270087194625	7.10999022227141	7.10999022227141	6.89028703180798	7.10999022227141	9.90907131151985	10.1803981295567	8.18930479205756	7.05568637015046	7.05568637015046	6.90844172349546	7.05568637015046
8.27802361782881	8.27802361782881	7.5586248843881	4.97661446734306	2.4034132666259	1.91873337294458	8.27802361782881	7.61555780176166	4.63890754989206	2.00350336683909	1.72394874687706	8.27802361782881	9.09430744442579	9.91076445918131	9.91076445918131	10.5348123595587	11.1411902964899	9.91076445918131	10.3081650110508	8.4466046892028	7.12698557887094	7.12698557887094	6.90313758247086	7.12698557887094	9.91076445918131	10.1872506488405	8.20616702800592	7.16773067494393	7.16773067494393	7.06119340259781	7.16773067494393
8.29527361872105	8.29527361872105	7.57520600441299	5.02320745647608	2.23116604407655	1.92741098213137	8.29527361872105	7.63340546927834	4.64020333278222	2.0113951589105	1.7051631275112	8.29527361872105	9.11150520989188	9.927499236012	9.927499236012	10.5516056344978	11.1588457838491	9.927499236012	10.3210130241007	8.48199393669958	7.16105578983022	7.16105578983022	6.93537402302226	7.16105578983022	9.927499236012	10.2087036243008	8.24190524770856	7.3253647136997	7.3253647136997	7.26819271426175	7.3253647136997
8.30479086059263	8.30479086059263	7.58307132443116	5.02778255923875	2.14432024354233	2.0177964140303	8.30479086059263	7.63860074197016	4.64612862069553	2.01905845181494	1.70324413748926	8.30479086059263	9.12093956230728	9.93698781278449	9.93698781278449	10.5611419620448	11.1696072598982	9.93698781278449	10.3288565909972	8.50891542353817	7.18780836135207	7.18780836135207	6.95921871606477	7.18780836135207	9.93698781278449	10.2208949272837	8.27201214743687	7.4763603843431	7.4763603843431	7.46232667102637	7.4763603843431
8.29737534296769	8.29737534296769	7.57144499491193	5.00888768733738	2.12857816619326	2.13906793130771	8.29737534296769	7.63615278116138	4.6630698994145	2.03990710007697	1.69934587730751	8.29737534296769	9.11353422036206	9.92934304708585	9.92934304708585	10.5530366065936	11.1615620275721	9.92934304708585	10.3255177921196	8.52100626627925	7.19983102037955	7.19983102037955	6.97004314336558	7.19983102037955	9.92934304708585	10.2092618609381	8.28258148881391	7.60148094912876	7.60148094912876	7.62179546687615	7.60148094912876
8.28210810079869	8.28210810079869	7.55571388873623	4.99457440330429	2.13729689647963	2.23691549583995	8.28210810079869	7.62453877910526	4.69398487909546	2.06709078475266	1.69478506850891	8.28210810079869	9.09815277536345	9.9140855658909	9.9140855658909	10.537412160582	11.1467561375927	9.9140855658909	10.3065575787618	8.50538641756993	7.18503169844125	7.18503169844125	6.95472668886002	7.18503169844125	9.9140855658909	10.1978010822088	8.2919435402391	7.69997384801286	7.69997384801286	7.74689090795627	7.69997384801286
8.26208223769391	8.26208223769391	7.53856169068408	4.95854398983123	2.09822769644361	2.16827422911609	8.26208223769391	7.60332013139505	4.70450813054338	2.13402357661297	1.71249652176218	8.26208223769391	9.07794465697856	9.89434766856481	9.89434766856481	10.5171311003565	11.1267151272723	9.89434766856481	10.2862101424479	8.4779397160428	7.15775006042882	7.15775006042882	6.92637701361975	7.15775006042882	9.89434766856481	10.1776311892832	8.28707326973541	7.76265884958973	7.76265884958973	7.81942786462873	7.76265884958973
8.24467361610381	8.24467361610381	7.51994692580981	4.9172359934231	2.03625391323148	2.0047372615514	8.24467361610381	7.58595216602884	4.71160674767141	2.23128135688934	1.74388723957571	8.24467361610381	9.06018750611615	9.87765137094359	9.87765137094359	10.5003002217606	11.1102701168128	9.87765137094359	10.2699547025267	8.44753871650367	7.12653337286889	7.12653337286889	6.89339320853472	7.12653337286889	9.87765137094359	10.158749935387	8.27149540143457	7.78570365183489	7.78570365183489	7.84727928641035	7.78570365183489
8.24792534040993	8.24792534040993	7.53101291147701	4.93052430306001	2.04173075302031	1.88303226664751	8.24792534040993	7.58579811484032	4.74237263338574	2.35498769481404	1.77666098632188	8.24792534040993	9.06306959275125	9.88131520761485	9.88131520761485	10.5040877984728	11.1142559292187	9.88131520761485	10.2705488216026	8.4291432452264	7.10612570130179	7.10612570130179	6.87409622293123	7.10612570130179	9.88131520761485	10.1619037675708	8.26658635786479	7.76963973162537	7.76963973162537	7.83008983354862	7.76963973162537
8.25185120268196	8.25185120268196	7.53584833063834	4.9199593963652	2.0410352426192	1.8149423869313	8.25185120268196	7.58474996325276	4.69757788095575	2.52471876484427	1.82827441245888	8.25185120268196	9.06633027981794	9.88509536804768	9.88509536804768	10.5077744733661	11.1184183339759	9.88509536804768	10.2633358886983	8.39670333367808	7.07144137817573	7.07144137817573	6.83675451568641	7.07144137817573	9.88509536804768	10.1737742782214	8.25783017997845	7.71442060710527	7.71442060710527	7.77142792885674	7.71442060710527
8.2758822384077	8.2758822384077	7.57579877813855	4.90554347616953	2.04706655281717	1.80862278797907	8.2758822384077	7.59429080235248	4.64446502529395	2.70137408274143	1.87630503334033	8.2758822384077	9.09029970222045	9.90917245854478	9.90917245854478	10.5318951534517	11.143609243687	9.90917245854478	10.2766446096586	8.39123953889501	7.0663942508129	7.0663942508129	6.82957565125328	7.0663942508129	9.90917245854478	10.2042182175341	8.26665048866531	7.63641868539156	7.63641868539156	7.67522963586861	7.63641868539156
8.32061327520413	8.32061327520413	7.6313118821729	4.89473774647938	2.05646916627838	1.80930667157941	8.32061327520413	7.62337724370561	4.62397012871782	2.89521572695812	2.01121737585645	8.32061327520413	9.13548444397598	9.9544204391934	9.9544204391934	10.576365496187	11.1883692234015	9.9544204391934	10.3230456133297	8.42641986455026	7.11078989213423	7.11078989213423	6.87971918708141	7.11078989213423	9.9544204391934	10.2471627147836	8.29425898406308	7.56708527484174	7.56708527484174	7.58118875081442	7.56708527484174
8.35265465617179	8.35265465617179	7.68083314402514	4.87670519245968	2.05706937818253	1.80643956596804	8.35265465617179	7.63698689678033	4.63227474636075	3.06285765831275	2.17739891129083	8.35265465617179	9.16774303053149	9.98670369236964	9.98670369236964	10.6080840370594	11.2214795202915	9.98670369236964	10.371832141974	8.46843072437905	7.18121079308574	7.18121079308574	6.97391278015895	7.18121079308574	9.98670369236964	10.2622947074601	8.29697782215511	7.45791900036152	7.45791900036152	7.43329500625238	7.45791900036152
8.38517189923303	8.38517189923303	7.73069054544937	4.86956894442554	2.06854562128415	1.81124228535656	8.38517189923303	7.65952190968289	4.68988235598584	3.16172908792033	2.29278819852188	8.38517189923303	9.20055072015267	10.0194981648898	10.0194981648898	10.6407992414349	11.2551849320306	10.0194981648898	10.398991030268	8.48786074171637	7.24739219256795	7.24739219256795	7.06298318588182	7.24739219256795	10.0194981648898	10.301275507886	8.32472149944205	7.3726198264185	7.3726198264185	7.29539279499441	7.3726198264185
8.41396155589456	8.41396155589456	7.75081679973779	4.84967945943664	2.07438683006977	1.81282305721248	8.41396155589456	7.69911230218677	4.79264576804923	3.17394914349599	2.34740432565627	8.41396155589456	9.22935501385479	10.0482335548097	10.0482335548097	10.6693782483034	11.2845909898359	10.0482335548097	10.4460946373031	8.52682571783836	7.35480705211347	7.35480705211347	7.19994201811538	7.35480705211347	10.0482335548097	10.3119747991656	8.32593103626717	7.26335038900154	7.26335038900154	7.14725849872076	7.26335038900154
8.42022707346002	8.42022707346002	7.75428039371789	4.82626505276184	2.08320704389265	1.81348755862284	8.42022707346002	7.71047010513945	4.88598742964258	3.06554530248365	2.29494142376116	8.42022707346002	9.23563776762814	10.0544703684788	10.0544703684788	10.6752253706774	11.291524817632	10.0544703684788	10.4625038007513	8.53869949207529	7.45912193881026	7.45912193881026	7.33848749077835	7.45912193881026	10.0544703684788	10.3089401674794	8.3173830870477	7.1670533411698	7.1670533411698	7.01224147243491	7.1670533411698
8.39583914116409	8.39583914116409	7.73949886162668	4.78877051134987	2.08203662512382	1.81099652796231	8.39583914116409	7.6788197105489	4.94367273962453	2.86622196294047	2.17553109871919	8.39583914116409	9.21115664422902	10.0300001233612	10.0300001233612	10.6512554284186	11.2681096722871	10.0300001233612	10.4456523606495	8.52053118663982	7.55684225532247	7.55684225532247	7.4777986756233	7.55684225532247	10.0300001233612	10.2779782852529	8.28763558452805	7.0631293519049	7.0631293519049	6.87714408593951	7.0631293519049
8.38640120964144	8.38640120964144	7.71825787624288	4.74970103130614	2.08234958153676	1.81351519418221	8.38640120964144	7.67900183633059	5.01417322124018	2.64073267898593	2.08460379921376	8.38640120964144	9.20215339410665	10.0208808543664	10.0208808543664	10.6417606732343	11.2590799658002	10.0208808543664	10.4485811339979	8.52498875363936	7.67987471989714	7.67987471989714	7.63762380857845	7.67987471989714	10.0208808543664	10.2564314659464	8.27413738871043	6.99618037770203	6.99618037770203	6.77913417884007	6.99618037770203
8.38925638220292	8.38925638220292	7.73828995523936	4.75423394863164	2.09932407083989	1.81357813407015	8.38925638220292	7.66628133096192	5.04436600466975	2.41257207850026	2.01372837306659	8.38925638220292	9.20504410199087	10.0237691948712	10.0237691948712	10.6450526332418	11.2623557552427	10.0237691948712	10.4594016782829	8.53875695826942	7.81821100057701	7.81821100057701	7.81775417648581	7.81821100057701	10.0237691948712	10.2520452651862	8.28429386653555	6.97105136081308	6.97105136081308	6.73051693045915	6.97105136081308
8.39556155494284	8.39556155494284	7.73434963348225	4.74676657031953	2.10094478048115	1.79883857208081	8.39556155494284	7.67619892140727	5.05737612554257	2.25333960636844	2.03262895669191	8.39556155494284	9.21141916557943	10.0300325657024	10.0300325657024	10.6510787650132	11.2680761184389	10.0300325657024	10.4659610126493	8.54886820982886	7.94062331708416	7.94062331708416	7.97006585878781	7.94062331708416	10.0300325657024	10.2600875348685	8.3106424003013	6.98105101788954	6.98105101788954	6.72352515450443	6.98105101788954
8.39302362377708	8.39302362377708	7.72998605435657	4.75623014147221	2.11708669286878	1.80168578031135	8.39302362377708	7.6740817714288	5.05166935136015	2.19501323919757	2.16590709940728	8.39302362377708	9.2087182241788	10.0273086520006	10.0273086520006	10.6487106502719	11.2653768245385	10.0273086520006	10.47216864793	8.55906772524522	8.04134925476653	8.04134925476653	8.09387151741467	8.04134925476653	10.0273086520006	10.2497609713217	8.32451983789145	6.99478779717546	6.99478779717546	6.73214893455995	6.99478779717546
8.39445121005782	8.39445121005782	7.73014708014823	4.79857896225771	2.15503025666161	1.81030640144861	8.39445121005782	7.67312350056573	5.07277335633155	2.22634301167533	2.30664073266259	8.39445121005782	9.21019144811492	10.0288153840024	10.0288153840024	10.6499298666227	11.2663562789361	10.0288153840024	10.4773606783383	8.56697094140799	8.09934501185194	8.09934501185194	8.16232635688302	8.09934501185194	10.0288153840024	10.2475173132281	8.34991314617171	7.02855049780119	7.02855049780119	6.76887260533814	7.02855049780119
8.3653046568261	8.3653046568261	7.70457277339608	4.82098462605593	2.19991932222636	1.81205100356629	8.3653046568261	7.63880647008498	5.06266675018427	2.22854662330844	2.33472334188731	8.3653046568261	9.18105074138943	9.99966533675206	9.99966533675206	10.6203028470525	11.2360180643597	9.99966533675206	10.4559003768337	8.54576220748995	8.10110856359972	8.10110856359972	8.16863067650236	8.10110856359972	9.99966533675206	10.21090555109	8.33577900177706	7.02582880029806	7.02582880029806	6.77221734280467	7.02582880029806
8.32937706876088	8.32937706876088	7.66445524933502	4.81698880329709	2.27658733259618	1.83151359098366	8.32937706876088	7.60670275031808	5.02144299781995	2.1728416441747	2.25730210822691	8.32937706876088	9.14483252342497	9.96357847256313	9.96357847256313	10.5838136672164	11.1988471657956	9.96357847256313	10.4227985217176	8.51224488922526	8.03764972443257	8.03764972443257	8.08899219743511	8.03764972443257	9.96357847256313	10.1714480255749	8.30956165982312	7.00829582972291	7.00829582972291	6.76559684997321	7.00829582972291
8.30681327449034	8.30681327449034	7.63990901557029	4.79855028709362	2.38841426400733	1.86476777507345	8.30681327449034	7.58683280491976	4.98757379120801	2.12788378992059	2.07465096380345	8.30681327449034	9.12187313520054	9.94077925531099	9.94077925531099	10.5603639553897	11.174860515798	9.94077925531099	10.3993257729205	8.49005755088866	7.94991545516637	7.94991545516637	7.9975301832015	7.94991545516637	9.94077925531099	10.147420704652	8.28991936135687	6.99111947333642	6.99111947333642	6.75149593871371	6.99111947333642
8.28456672161552	8.28456672161552	7.59783731929874	4.72835414814238	2.53644411083782	1.90557327489824	8.28456672161552	7.58671214822935	4.98033763543954	2.12280207304624	1.96272070724219	8.28456672161552	9.09912144420235	9.91790795628921	9.91790795628921	10.5368344093007	11.1505051541725	9.91790795628921	10.3835712601294	8.47428829203816	7.830470936192	7.830470936192	7.85223083933373	7.830470936192	9.91790795628921	10.1153312226164	8.24583460584454	6.94360805326399	6.94360805326399	6.70064735865012	6.94360805326399
8.27941154893508	8.27941154893508	7.58005189565209	4.65143165233327	2.71567495579668	1.94973126695754	8.27941154893508	7.59840864666158	4.96998561789767	2.13296100627232	1.92779974190177	8.27941154893508	9.09389890396335	9.91261057707531	9.91261057707531	10.5313452784204	11.1440684042342	9.91261057707531	10.3778160321026	8.46844123627011	7.67995150372981	7.67995150372981	7.65233513480743	7.67995150372981	9.91261057707531	10.1091423377192	8.22067003357624	6.9092659953083	6.9092659953083	6.66386829057043	6.9092659953083
8.29011844604061	8.29011844604061	7.59128092753488	4.60405577383461	2.91467365597007	2.05277680696012	8.29011844604061	7.61122014374196	4.939054358412	2.13098179689597	1.89655876389551	8.29011844604061	9.10466949801447	9.92351846417266	9.92351846417266	10.5433714007117	11.1557755526131	9.92351846417266	10.3836747493483	8.47298992766281	7.54355787609322	7.54355787609322	7.47607600934331	7.54355787609322	9.92351846417266	10.1250459652278	8.21119973314792	6.88843128873565	6.88843128873565	6.63159510390179	6.88843128873565
8.31264258513669	8.31264258513669	7.60221006537496	4.59200227319543	3.10675047087483	2.2322688801553	8.31264258513669	7.64135012893945	4.91150442969549	2.12890752469042	1.88517145740814	8.31264258513669	9.12775745317223	9.94655673827195	9.94655673827195	10.5674070539794	11.1799141007037	9.94655673827195	10.3939085956898	8.47892480221707	7.41574223732696	7.41574223732696	7.30160389698596	7.41574223732696	9.94655673827195	10.1622939294807	8.22600177908824	6.89440538460702	6.89440538460702	6.62742800740313	6.89440538460702
8.33560293115188	8.33560293115188	7.61573478237941	4.63183155809856	3.21809693951112	2.35886951689943	8.33560293115188	7.67625861966602	4.89252811506823	2.1355490898495	1.88830277710479	8.33560293115188	9.15116134748026	9.96972796378487	9.96972796378487	10.5917935664428	11.2045184934995	9.96972796378487	10.4013502866839	8.48110510033093	7.30674898918415	7.30674898918415	7.1469171309046	7.30674898918415	9.96972796378487	10.2023059952078	8.24399357234014	6.91296960933524	6.91296960933524	6.64971744353894	6.91296960933524
8.36978569154064	8.36978569154064	7.66327641596557	4.72931799030776	3.24722542897103	2.41499732353574	8.36978569154064	7.70531833689384	4.86281292574851	2.14056336048654	1.8782453869403	8.36978569154064	9.1850163506575	10.0036327760547	10.0036327760547	10.6268106889085	11.2404604256306	10.0036327760547	10.4200757790885	8.49816556161568	7.24812207636699	7.24812207636699	7.04997618322188	7.24812207636699	10.0036327760547	10.2527589436799	8.27509184632602	6.9597319049132	6.9597319049132	6.71244211002608	6.9597319049132
8.39817879645752	8.39817879645752	7.67756255061659	4.82371840318782	3.1642923309329	2.35689512276526	8.39817879645752	7.74742101885837	4.85651628665951	2.1481558201407	1.88168858804715	8.39817879645752	9.21361668475962	10.032172004193	10.032172004193	10.6557884962903	11.2704394773287	10.032172004193	10.4363200239612	8.51680501853957	7.22091950673575	7.22091950673575	7.00247248282156	7.22091950673575	10.032172004193	10.2926329232748	8.3029131901503	7.02430494656697	7.02430494656697	6.79937920442024	7.02430494656697
8.40448396919745	8.40448396919745	7.68534785762708	4.92605186659916	3.00229307591797	2.25216669141548	8.40448396919745	7.75143872993788	4.82714146825246	2.14730712851726	1.87408056637905	8.40448396919745	9.22007899640939	10.0385750741592	10.0385750741592	10.6622363768147	11.2769853641882	10.0385750741592	10.4327831679822	8.52164914590116	7.2061756976557	7.2061756976557	6.97843699899228	7.2061756976557	10.0385750741592	10.309815250973	8.31763273180916	7.09742439874577	7.09742439874577	6.90897903964944	7.09742439874577
8.41082879711183	8.41082879711183	7.70391563214349	5.03211765747213	2.79226329133094	2.14550392137597	8.41082879711183	7.74345103610909	4.78813981794268	2.14460491795248	1.88498225112955	8.41082879711183	9.22670452088565	10.0450960243001	10.0450960243001	10.6686149244817	11.2833016708368	10.0450960243001	10.4278460082042	8.53089296078389	7.20712032206094	7.20712032206094	6.97895249344873	7.20712032206094	10.0450960243001	10.3279816050492	8.34428835355593	7.20795937377216	7.20795937377216	7.06010537552429	7.20795937377216
8.42046500450681	8.42046500450681	7.69956630127273	5.10366010290677	2.56678091818929	2.07350475707205	8.42046500450681	7.76495852687689	4.7837226371674	2.15374570384911	1.86607661178029	8.42046500450681	9.23659711152455	10.0545966579061	10.0545966579061	10.6782771054038	11.2920121421317	10.0545966579061	10.4263726632598	8.55255425691707	7.22602673001836	7.22602673001836	6.99569501171965	7.22602673001836	10.0545966579061	10.3501996982007	8.38178116827097	7.35216029036469	7.35216029036469	7.24757485370244	7.35216029036469
8.43561328115241	8.43561328115241	7.71883738586568	5.15070204132448	2.38188240057493	2.06032811445306	8.43561328115241	7.77048427568725	4.77462567568053	2.15086388824243	1.84503303744403	8.43561328115241	9.25193767939999	10.0695840461107	10.0695840461107	10.6935760615249	11.3062054832172	10.0695840461107	10.4439147426447	8.59293705126406	7.26626348702244	7.26626348702244	7.03239017740634	7.26626348702244	10.0695840461107	10.3644134242219	8.41822550721539	7.5092951884384	7.5092951884384	7.45308213162685	7.5092951884384
8.45492535111683	8.45492535111683	7.7289242934426	5.16666607683091	2.28965749227192	2.15419424048512	8.45492535111683	7.79112960546325	4.80040491383539	2.16672754163342	1.84622188724128	8.45492535111683	9.27146346799551	10.0885868669903	10.0885868669903	10.7124761426408	11.3236874656142	10.0885868669903	10.4591881038136	8.62812375551041	7.30239444212375	7.30239444212375	7.065592107095	7.30239444212375	10.0885868669903	10.3886585185165	8.46747428215342	7.67486812414632	7.67486812414632	7.66468767712671	7.67486812414632
8.44310810912628	8.44310810912628	7.70971483383919	5.13656464312159	2.25588812338041	2.28240137768198	8.44310810912628	7.78571562305324	4.82069903881448	2.1882966896308	1.84317763593887	8.44310810912628	9.25964854711967	10.0764454546391	10.0764454546391	10.7005256850829	11.3097960982599	10.0764454546391	10.4494967375881	8.6291936785805	7.30476793692356	7.30476793692356	7.06781714097721	7.30476793692356	10.0764454546391	10.3758212558297	8.4820509207947	7.80621777671372	7.80621777671372	7.82900307048889	7.80621777671372
8.42181328043862	8.42181328043862	7.6861637716276	5.11529508517929	2.25569670065006	2.33900258174666	8.42181328043862	7.76935484255234	4.84686077931296	2.21651657540175	1.83816957745606	8.42181328043862	9.23836288998763	10.054925179395	10.054925179395	10.6790055334016	11.2864537638034	10.054925179395	10.4229252868933	8.60559843299525	7.28182534156724	7.28182534156724	7.04202797995676	7.28182534156724	10.054925179395	10.3600803065944	8.48825470014859	7.90417804713384	7.90417804713384	7.95312686585218	7.90417804713384
8.39564086529177	8.39564086529177	7.66672306499891	5.07158386911227	2.20657426370939	2.27281195304039	8.39564086529177	7.73861116059881	4.85296363136874	2.28581696352234	1.85801563394744	8.39564086529177	9.21191651534487	10.028864736869	10.028864736869	10.6529059100121	11.2584478930775	10.028864736869	10.3917836887318	8.56908468770231	7.2445922798674	7.2445922798674	7.00671649556164	7.2445922798674	10.028864736869	10.3390430671536	8.48238481067664	7.96581966188148	7.96581966188148	8.03125663654751	7.96581966188148
8.38188051975244	8.38188051975244	7.65299492160805	5.05494890149072	2.17013155452404	2.09514214883417	8.38188051975244	7.72271443668074	4.87616727927176	2.37420671187276	1.88230731397977	8.38188051975244	9.19792888664723	10.0154911034741	10.0154911034741	10.6395596738742	11.2439452126998	10.0154911034741	10.3802230266648	8.54463827881204	7.21854870000752	7.21854870000752	6.98119136383402	7.21854870000752	10.0154911034741	10.3224773637737	8.46804505900869	7.99685288257834	7.99685288257834	8.07487294960189	7.99685288257834
8.36379776019644	8.36379776019644	7.65123561774463	5.06076702815482	2.17138380027522	1.99024159941016	8.36379776019644	7.68850856314391	4.84556551095897	2.49878221293785	1.91562306371503	8.36379776019644	9.17925498930018	9.99759643196444	9.99759643196444	10.6215464004556	11.224698989817	9.99759643196444	10.3640694155963	8.50717123246203	7.17926916332542	7.17926916332542	6.94207293095303	7.17926916332542	9.99759643196444	10.3005926004946	8.4333067082572	7.96245259307062	7.96245259307062	8.04311149974991	7.96245259307062
8.35051327675069	8.35051327675069	7.64182226654547	5.04896727285922	2.17195945558131	1.92244291334256	8.35051327675069	7.67324409017456	4.7696039631341	2.6764862257237	1.96780380669378	8.35051327675069	9.16582157894513	9.98430538216274	9.98430538216274	10.6081258303961	11.2101121813115	9.98430538216274	10.350592919096	8.47065969174027	7.1436352512869	7.1436352512869	6.90903471654069	7.1436352512869	9.98430538216274	10.286299889333	8.39544926587837	7.88373248590039	7.88373248590039	7.95660323518369	7.88373248590039
8.38727362347967	8.38727362347967	7.69230522748714	5.04511926299979	2.1934203676044	1.93442549462084	8.38727362347967	7.69658834076006	4.73589987465903	2.8698718235844	2.03324403976276	8.38727362347967	9.20240254608864	10.0209814498463	10.0209814498463	10.6443932429003	11.2457045566103	10.0209814498463	10.389637390966	8.49598244675464	7.17673666664345	7.17673666664345	6.94310032843869	7.17673666664345	10.0209814498463	10.3174976026618	8.40234043784925	7.81507327678456	7.81507327678456	7.87436661819709	7.81507327678456
8.43089431539108	8.43089431539108	7.7521075331523	5.03055932133468	2.19677854798313	1.93711214367868	8.43089431539108	7.72408952666549	4.71897961797125	3.05670144657438	2.17162960463594	8.43089431539108	9.24612592931848	10.0646860900331	10.0646860900331	10.6881159320966	11.2896599811891	10.0646860900331	10.4391588349603	8.53625769666267	7.23844821552124	7.23844821552124	7.02051207193247	7.23844821552124	10.0646860900331	10.3570278969901	8.42532089988312	7.74337266268856	7.74337266268856	7.77679408133638	7.74337266268856
8.46087362728657	8.46087362728657	7.79680287070816	5.01171968181069	2.20624587026849	1.94276841990166	8.46087362728657	7.74816500737126	4.74474576373809	3.2417283912685	2.35967201652811	8.46087362728657	9.27596916389792	10.0945214264373	10.0945214264373	10.7182525363764	11.3198020079434	10.0945214264373	10.4774824180915	8.56730480904719	7.30380470815877	7.30380470815877	7.11028677430176	7.30380470815877	10.0945214264373	10.3787835306947	8.43385106658556	7.63831112970555	7.63831112970555	7.6285244421654	7.63831112970555
8.49830811198145	8.49830811198145	7.83656679181222	4.99430213452367	2.20554959207993	1.94068513984074	8.49830811198145	7.78344222852031	4.82500747684077	3.34057501426715	2.47753741529891	8.49830811198145	9.31388688286209	10.1321403455488	10.1321403455488	10.7560183897771	11.3584743847794	10.1321403455488	10.5220144414181	8.60642714575854	7.39805539669967	7.39805539669967	7.22934423665791	7.39805539669967	10.1321403455488	10.4110881589633	8.4516044133294	7.53725621746636	7.53725621746636	7.47136021253458	7.53725621746636
8.5284460445748	8.5284460445748	7.87117546677384	4.97351779477783	2.19922458641075	1.9295894092827	8.5284460445748	7.80745006978164	4.91289475882389	3.35331436006417	2.53625805279988	8.5284460445748	9.344304792203	10.1625846127874	10.1625846127874	10.7864142297872	11.3907038105328	10.1625846127874	10.5703142560177	8.64915723385526	7.51221385250199	7.51221385250199	7.36848583917194	7.51221385250199	10.1625846127874	10.4210961073653	8.44542339887552	7.42137046264263	7.42137046264263	7.31609982412224	7.42137046264263
8.53249087237022	8.53249087237022	7.86628228145341	4.9442565133913	2.20420989867273	1.92773923507167	8.53249087237022	7.82207933697052	5.0161840534929	3.25038162640086	2.46761494211304	8.53249087237022	9.34804333411852	10.16633026142	10.16633026142	10.7902658116631	11.3966886758756	10.16633026142	10.5831172760228	8.65805256140423	7.60211707109157	7.60211707109157	7.49352302228275	7.60211707109157	10.16633026142	10.418948705098	8.43175786967136	7.31079277458019	7.31079277458019	7.17689693849848	7.31079277458019
8.52428225125598	8.52428225125598	7.86166232731008	4.91361911588251	2.20630075273615	1.92556773844871	8.52428225125598	7.80999014506377	5.0837034912368	3.05563427201961	2.33957377522775	8.52428225125598	9.33984800547274	10.1581040536364	10.1581040536364	10.7818704310461	11.3895112754888	10.1581040536364	10.5860235049557	8.65995809457691	7.70305358598239	7.70305358598239	7.62529481659757	7.70305358598239	10.1581040536364	10.4002740220557	8.40731128890737	7.20718411649294	7.20718411649294	7.02984423114316	7.20718411649294
8.52321156154543	8.52321156154543	7.86661304329967	4.89137961752762	2.20803859021397	1.90738603354656	8.52321156154543	7.8095368393314	5.14519891849144	2.82677689177236	2.23463061497694	8.52321156154543	9.33888623132888	10.1572695515194	10.1572695515194	10.7812424755011	11.3901615686673	10.1572695515194	10.5926798760429	8.66805609002915	7.82189343615787	7.82189343615787	7.77978400559319	7.82189343615787	10.1572695515194	10.3896057224895	8.39891989284192	7.14091711009384	7.14091711009384	6.92169160155402	7.14091711009384
8.51187018164846	8.51187018164846	7.87101690981194	4.88838366010119	2.24528645381032	1.94292004167932	8.51187018164846	7.77871876546202	5.14753718053476	2.54858820167817	2.10135252812884	8.51187018164846	9.32777706681008	10.1459101734834	10.1459101734834	10.7697276394142	11.3787279035969	10.1459101734834	10.5841255369407	8.66128368132477	7.92692004607937	7.92692004607937	7.91412065277772	7.92692004607937	10.1459101734834	10.3784240351467	8.39769932871584	7.09130246036526	7.09130246036526	6.85344836887241	7.09130246036526
8.51615294049067	8.51615294049067	7.83612089353937	4.84427135783119	2.23911344552995	1.91961437167001	8.51615294049067	7.80867979951197	5.17433743247871	2.3727131025592	2.07882528199802	8.51615294049067	9.33226613103435	10.1499893570708	10.1499893570708	10.774073194368	11.3834911400794	10.1499893570708	10.5821520057826	8.66138358958553	8.02380524907026	8.02380524907026	8.0397478492517	8.02380524907026	10.1499893570708	10.3906086139089	8.42679454527006	7.09813428707581	7.09813428707581	6.83970981972336	7.09813428707581
8.53665466568903	8.53665466568903	7.8492669582338	4.85820602777913	2.26116325351658	1.93043202505323	8.53665466568903	7.83135230727383	5.18807230086218	2.32705591074466	2.23070738479986	8.53665466568903	9.35307417836641	10.1705577171171	10.1705577171171	10.7945189747481	11.4031779486398	10.1705577171171	10.6064060849904	8.68762204024626	8.12683720444071	8.12683720444071	8.1635832881889	8.12683720444071	10.1705577171171	10.4063432366692	8.4685211655548	7.13568513594199	7.13568513594199	6.87008293346547	7.13568513594199
8.53173742405538	8.53173742405538	7.84659240955173	4.87709569605374	2.28869997022767	1.93311175797909	8.53173742405538	7.82256562570807	5.18262933966592	2.34189091709133	2.36286306321041	8.53173742405538	9.34824238610877	10.1657250891729	10.1657250891729	10.7891919363796	11.3971576919731	10.1657250891729	10.6105933353776	8.69246712062071	8.17917166554832	8.17917166554832	8.2280494338086	8.17917166554832	10.1657250891729	10.3885991304694	8.48594791295564	7.1614013036879	7.1614013036879	6.90562427279618	7.1614013036879
8.50286845704492	8.50286845704492	7.82607804724618	4.8807275560147	2.32778394909702	1.93196777893244	8.50286845704492	7.78178836053204	5.15573030807886	2.32590332975164	2.38533143528217	8.50286845704492	9.31899678768219	10.1367504367758	10.1367504367758	10.7603662376538	11.3667070786263	10.1367504367758	10.585306479336	8.6667246768741	8.15911227744298	8.15911227744298	8.21514155268154	8.15911227744298	10.1367504367758	10.3620017616094	8.48668619353431	7.17622986393624	7.17622986393624	6.9404807269954	7.17622986393624
8.46741673107328	8.46741673107328	7.78256518844967	4.84679973721111	2.41563918597174	1.96303564218522	8.46741673107328	7.760112603662	5.11048202334872	2.27193096594333	2.26465870947345	8.46741673107328	9.28367645569938	10.1016256449382	10.1016256449382	10.7245971211284	11.330234810907	10.1016256449382	10.5532261393067	8.63397901206334	8.09803603454422	8.09803603454422	8.14876912470823	8.09803603454422	10.1016256449382	10.3184687998408	8.46704690595346	7.16546373657784	7.16546373657784	6.93665279736922	7.16546373657784
