Var1_ 1	Var1_ 2	Var1_ 3	Var1_ 4	Var1_ 5	Var1_ 6	Var1_ 7	Var1_ 8	Var1_ 9	Var1_10	Var1_11	Var1_12	Var1_13	Var1_14	Var1_15	Var1_16	Var1_17	Var1_18	Var1_19	Var1_20	Var1_21	Var1_22	Var1_23	Var1_24	Var1_25	Var1_26	Var1_27	Var1_28	Var1_29	Var1_30	Var1_31
-12.6018553069925	-12.6018553069925	-12.2152908691213	-10.714885300158	-10.3155735338836	-9.43874496248784	-12.6018553069925	-12.4363247704987	-13.0589911879186	-14.1940082594876	-13.3954295818939	-12.6018553069925	-12.5954111394289	-12.5114155994614	-12.5114155994614	-12.5115923019596	-12.5935022759582	-12.5114155994614	-12.4395171116387	-13.0835248377788	-13.1551331370553	-13.1551331370553	-13.1610954569834	-13.1551331370553	-12.5114155994614	-12.6968769401005	-12.2582596960838	-11.1225525259825	-11.1225525259825	-10.8338971502897	-11.1225525259825
-12.3022208087356	-12.3022208087356	-11.9099009227297	-10.4362951333235	-10.1519476578834	-9.2721509239634	-12.3022208087356	-12.1427507151561	-12.8868532463834	-14.1611468771104	-13.3905320099025	-12.3022208087356	-12.3083976691414	-12.2333638087548	-12.2333638087548	-12.235045834831	-12.3317865714756	-12.2333638087548	-12.1636904245546	-12.7815931300088	-12.8492446941019	-12.8492446941019	-12.8594605126243	-12.8492446941019	-12.2333638087548	-12.4152971944637	-11.9614028168734	-10.8341857855222	-10.8341857855222	-10.545204445699	-10.8341857855222
-11.9872001027862	-11.9872001027862	-11.5985442874028	-10.1296188950163	-10.093262829992	-9.21764196908615	-11.9872001027862	-11.8292914964549	-12.6593734663271	-14.1123078420277	-13.3809357171136	-11.9872001027862	-12.0035821892211	-11.9410324575808	-11.9410324575808	-11.949404597762	-12.061991635761	-11.9410324575808	-11.8613703933123	-12.4526422492603	-12.498758978335	-12.498758978335	-12.5055193564601	-12.498758978335	-11.9410324575808	-12.1389783252077	-11.6868953869367	-10.584608637089	-10.584608637089	-10.2952306244124	-10.584608637089
-11.6854638802826	-11.6854638802826	-11.3008876267875	-9.82390940949632	-10.0042876872268	-9.13930824845395	-11.6854638802826	-11.521582820553	-12.3015584422304	-14.0040866710195	-13.3559356549854	-11.6854638802826	-11.7052745493475	-11.6486001875958	-11.6486001875958	-11.6613952942223	-11.7907987210039	-11.6486001875958	-11.5763035749975	-12.107930782802	-12.1320360787167	-12.1320360787167	-12.1486505564487	-12.1320360787167	-11.6486001875958	-11.8451486033508	-11.4213944368752	-10.3695501439256	-10.3695501439256	-10.0811746176106	-10.3695501439256
-11.398400072331	-11.398400072331	-11.0156631042834	-9.59921695078207	-9.96836622656344	-9.11159224244035	-11.398400072331	-11.2211788695722	-11.7863509405302	-13.7787176768391	-13.2960552627309	-11.398400072331	-11.4195480762903	-11.3657229599062	-11.3657229599062	-11.3790402967732	-11.5205656396315	-11.3657229599062	-11.3005668390864	-11.7576677381226	-11.7364805597555	-11.7364805597555	-11.7450079464285	-11.7364805597555	-11.3657229599062	-11.5613938558893	-11.1907014092277	-10.2096595237378	-10.2096595237378	-9.92515064652975	-10.2096595237378
-11.1204569545064	-11.1204569545064	-10.7299656765831	-9.42477512641569	-9.95530422938723	-9.1022464823906	-11.1204569545064	-10.9494864121114	-11.2400516962946	-13.4240940335444	-13.1830564099619	-11.1204569545064	-11.1437736668572	-11.0943400163803	-11.0943400163803	-11.1061055621805	-11.2554323086081	-11.0943400163803	-11.024701701711	-11.4093222403686	-11.310846940353	-11.310846940353	-11.2961938186693	-11.310846940353	-11.0943400163803	-11.2993283949747	-10.9756342620172	-10.0803368289206	-10.0803368289206	-9.8018079153521	-10.0803368289206
-10.8692810794456	-10.8692810794456	-10.4748214749396	-9.32698926186331	-9.95231007531204	-9.10015827495757	-10.8692810794456	-10.6925099537861	-10.6527473911091	-12.9935067829647	-12.9630606103671	-10.8692810794456	-10.8869998036199	-10.8327464750742	-10.8327464750742	-10.8461050116065	-11.0016564093698	-10.8327464750742	-10.7412389987029	-11.0654227511312	-10.8612660995216	-10.8612660995216	-10.8007665722667	-10.8612660995216	-10.8327464750742	-11.0609845161835	-10.7795503608834	-9.98792537443445	-9.98792537443445	-9.72974637458479	-9.98792537443445
-10.625124170265	-10.625124170265	-10.2348587832302	-9.23703723081349	-9.94205414444455	-9.09101441386504	-10.625124170265	-10.4344263709351	-10.0614180862178	-12.4781157522868	-12.4569508706436	-10.625124170265	-10.64459400671	-10.5870152379987	-10.5870152379987	-10.6012884803262	-10.7544735776179	-10.5870152379987	-10.4832868297652	-10.7480682869231	-10.4193289594699	-10.4193289594699	-10.3074662489751	-10.4193289594699	-10.5870152379987	-10.8219153107988	-10.6045927928706	-9.90092857292626	-9.90092857292626	-9.67168675401446	-9.90092857292626
-10.3715293295619	-10.3715293295619	-9.98119302915458	-9.15054320735328	-9.93939505040345	-9.09138810500946	-10.3715293295619	-10.1758947805466	-9.50796448435101	-11.9153077610929	-11.7991776687102	-10.3715293295619	-10.3966709358459	-10.3428638413661	-10.3428638413661	-10.3514884510505	-10.5048204752569	-10.3428638413661	-10.2370077061415	-10.4417103054053	-9.98121267801587	-9.98121267801587	-9.83253420941401	-9.98121267801587	-10.3428638413661	-10.5800570141903	-10.4460862611408	-9.8370854381411	-9.8370854381411	-9.63124143736622	-9.8370854381411
-10.1263413858452	-10.1263413858452	-9.75997322136725	-9.07751049668537	-9.93396515220752	-9.08835551774611	-10.1263413858452	-9.90128871996812	-8.97290928623294	-11.3070375326802	-11.066761821204	-10.1263413858452	-10.1542558823107	-10.1021098714431	-10.1021098714431	-10.1100042003966	-10.2601725665193	-10.1021098714431	-9.99220069565243	-10.1439081771983	-9.53488556321952	-9.53488556321952	-9.34790555488452	-9.53488556321952	-10.1021098714431	-10.3437727255491	-10.3262034974225	-9.79635321813704	-9.79635321813704	-9.60078056569094	-9.79635321813704
-9.890908615047	-9.890908615047	-9.54916291190037	-8.98199535977911	-9.90531397537606	-9.06130718861635	-9.890908615047	-9.64101724745041	-8.48632961517929	-10.6602281265578	-10.2679316012492	-9.890908615047	-9.91379847523192	-9.85782155050094	-9.85782155050094	-9.87315885617179	-10.0187346018032	-9.85782155050094	-9.76770318958656	-9.85883712746005	-9.109286267677	-9.109286267677	-8.89119388183165	-9.109286267677	-9.85782155050094	-10.0804576991438	-10.1915609122563	-9.74536730166164	-9.74536730166164	-9.55423516662475	-9.74536730166164
-9.64710860243665	-9.64710860243665	-9.32318372698255	-8.88384632990859	-9.90071504915822	-9.05914798689696	-9.64710860243665	-9.37902792014992	-8.04712499289402	-9.94778432475584	-9.39224803244949	-9.64710860243665	-9.67218028494405	-9.61686974755046	-9.61686974755046	-9.62580707188627	-9.76903019128737	-9.61686974755046	-9.54010444561569	-9.59129113059848	-8.71899268517541	-8.71899268517541	-8.47793375069729	-8.71899268517541	-9.61686974755046	-9.82496991829101	-10.0688165117614	-9.70192214876466	-9.70192214876466	-9.53363522554722	-9.70192214876466
-9.4019603138945	-9.4019603138945	-9.09596156167395	-8.80046824234486	-9.89073643840739	-9.05152593548487	-9.4019603138945	-9.1186217193229	-7.67291477508021	-9.18756178546955	-8.49534897528408	-9.4019603138945	-9.42677123795902	-9.36888704081481	-9.36888704081481	-9.38422114396242	-9.52531210958486	-9.36888704081481	-9.30039291258467	-9.3132757723003	-8.33730926973583	-8.33730926973583	-8.08316511020389	-8.33730926973583	-9.36888704081481	-9.56443763762905	-9.94314047842802	-9.64897648722461	-9.64897648722461	-9.48479796869177	-9.64897648722461
-9.15419478383766	-9.15419478383766	-8.87425218303675	-8.76329634528274	-9.8731144392758	-9.03960028254079	-9.15419478383766	-8.86168273966356	-7.34599718387642	-8.35877960578583	-7.56110985988344	-9.15419478383766	-9.17509780739709	-9.11644572096688	-9.11644572096688	-9.1289811350945	-9.26818432699766	-9.11644572096688	-9.05216378325407	-9.04245388245716	-7.9866097764343	-7.9866097764343	-7.72642430133934	-7.9866097764343	-9.11644572096688	-9.3074496316288	-9.78466301191403	-9.5800831285717	-9.5800831285717	-9.43677524182416	-9.5800831285717
-8.89048787364592	-8.89048787364592	-8.62702400657424	-8.732159122368	-9.85206536261585	-9.02374291917359	-8.89048787364592	-8.58764428969155	-7.06192718178228	-7.51698530189164	-6.65779485586736	-8.89048787364592	-8.91155719407622	-8.85343794550156	-8.85343794550156	-8.86764250382888	-9.00937423560124	-8.85343794550156	-8.79249769452976	-8.78254742810522	-7.66452998571096	-7.66452998571096	-7.40255980275418	-7.66452998571096	-8.85343794550156	-9.04045614342876	-9.59728918413364	-9.48377264531381	-9.48377264531381	-9.36280526376318	-9.48377264531381
-8.62773268764135	-8.62773268764135	-8.37927483738079	-8.70548207146888	-9.84096289379409	-9.01959389339209	-8.62773268764135	-8.31499439648747	-6.78266255670771	-6.75817732063905	-5.87301893878041	-8.62773268764135	-8.64723750230332	-8.5879720604941	-8.5879720604941	-8.60204959094757	-8.74610860058715	-8.5879720604941	-8.53665896981488	-8.51895860369876	-7.36320319039693	-7.36320319039693	-7.10166983814395	-7.36320319039693	-8.5879720604941	-8.76461446009473	-9.38998865643693	-9.36037398423494	-9.36037398423494	-9.26790936471116	-9.36037398423494
-8.35288267342496	-8.35288267342496	-8.11728837677504	-8.70200810993413	-9.81772545932805	-9.00918170556799	-8.35288267342496	-8.02690823487601	-6.46235682979619	-6.14801847692282	-5.26221942340792	-8.35288267342496	-8.37655100294982	-8.32030150006361	-8.32030150006361	-8.33467219952608	-8.48004563511905	-8.32030150006361	-8.27084847140149	-8.25295366184558	-7.07851336400938	-7.07851336400938	-6.81727420146025	-7.07851336400938	-8.32030150006361	-8.49514963003444	-9.16232955595825	-9.20874209399928	-9.20874209399928	-9.14370217426234	-9.20874209399928
-8.06823783111575	-8.06823783111575	-7.84820154071705	-8.60083263545923	-9.78368593118737	-8.9959735556619	-8.06823783111575	-7.74239538819418	-6.1574825835604	-5.76290490518386	-4.87986787562787	-8.06823783111575	-8.09266594628071	-8.04050880100312	-8.04050880100312	-8.06011087948937	-8.20893010911509	-8.04050880100312	-7.99812798883113	-7.99460298495348	-6.81940524566919	-6.81940524566919	-6.55789367391496	-6.81940524566919	-8.04050880100312	-8.21028700537077	-8.89425586339001	-9.00383102258589	-9.00383102258589	-8.98043343278188	-9.00383102258589
-7.77090333297776	-7.77090333297776	-7.54526552979819	-8.32970083751834	-9.73377930437022	-8.97426380615774	-7.77090333297776	-7.43822654831471	-5.90532589856091	-5.62834220275522	-4.7413582587694	-7.77090333297776	-7.79774029102832	-7.74970988469048	-7.74970988469048	-7.77452869078234	-7.92702628830653	-7.74970988469048	-7.70362159711909	-7.73709578693367	-6.58140336902198	-6.58140336902198	-6.31938678060273	-6.58140336902198	-7.74970988469048	-7.93019747956399	-8.62076650852374	-8.76823477771596	-8.76823477771596	-8.77520216605023	-8.76823477771596
-7.44818952318222	-7.44818952318222	-7.22347768811875	-8.06837319648988	-9.66050191515521	-8.95170042085471	-7.44818952318222	-7.11549217776688	-5.5914515213851	-5.54466253145818	-4.66662948982869	-7.44818952318222	-7.48633401347813	-7.45193296464068	-7.45193296464068	-7.49458985796814	-7.65436611916077	-7.45193296464068	-7.40050626211747	-7.48550045490014	-6.36400358672791	-6.36400358672791	-6.10197807003109	-6.36400358672791	-7.45193296464068	-7.64529496691783	-8.29973164315301	-8.47042613931865	-8.47042613931865	-8.51425759722872	-8.47042613931865
-7.12658605827169	-7.12658605827169	-6.88233377008066	-7.66273693675237	-9.52774010558383	-8.91125580560552	-7.12658605827169	-6.79090464745924	-5.31906486606757	-5.46140347495423	-4.59578578293443	-7.12658605827169	-7.17235520438515	-7.14688949784675	-7.14688949784675	-7.200322484759	-7.36851072344704	-7.14688949784675	-7.09586269088493	-7.21585981108046	-6.16173272440347	-6.16173272440347	-5.90277062158675	-6.16173272440347	-7.14688949784675	-7.3504965135869	-7.97162558377707	-8.1321461000247	-8.1321461000247	-8.1814595888339	-8.1321461000247
-6.82243087012573	-6.82243087012573	-6.55859463672782	-7.1603645515063	-9.26886922529349	-8.83219868751533	-6.82243087012573	-6.49037765904411	-5.08263360640429	-5.43486229161427	-4.57744680102423	-6.82243087012573	-6.87375936424759	-6.85615642331337	-6.85615642331337	-6.91339079179926	-7.08730232401364	-6.85615642331337	-6.81041951966552	-6.95498351160122	-6.00037646907233	-6.00037646907233	-5.75179880485259	-6.00037646907233	-6.85615642331337	-7.06424535183553	-7.63645870725794	-7.75706366386508	-7.75706366386508	-7.79544525708249	-7.75706366386508
-6.54746189038596	-6.54746189038596	-6.28990104320011	-6.60665501338655	-8.90351371439206	-8.70202644638619	-6.54746189038596	-6.21527135183152	-4.90846523853107	-5.42629714266194	-4.57060797865597	-6.54746189038596	-6.59807393032961	-6.58203026797272	-6.58203026797272	-6.64947422664062	-6.82790213197626	-6.58203026797272	-6.54301513412148	-6.70327792870721	-5.87860278077524	-5.87860278077524	-5.64879298031616	-5.87860278077524	-6.58203026797272	-6.78545837587129	-7.28760855868704	-7.34602220394731	-7.34602220394731	-7.36333432067956	-7.34602220394731
-6.2932722220658	-6.2932722220658	-6.03917262541423	-5.9712847122148	-8.39918871565414	-8.39887347771439	-6.2932722220658	-5.95752718256742	-4.80242912213427	-5.42686278825341	-4.57207066005375	-6.2932722220658	-6.33626967363494	-6.31273125381975	-6.31273125381975	-6.38256009968934	-6.5631742186683	-6.31273125381975	-6.28854813643637	-6.44076694184357	-5.76796969207575	-5.76796969207575	-5.56625184494768	-5.76796969207575	-6.31273125381975	-6.49922635743213	-6.92274910783758	-6.8941984538147	-6.8941984538147	-6.87778966107488	-6.8941984538147
-6.05208945097014	-6.05208945097014	-5.78621629405933	-5.3715633034912	-7.84215847938634	-7.79841637589567	-6.05208945097014	-5.7185548643301	-4.71396612459257	-5.4260832346482	-4.57433539599349	-6.05208945097014	-6.09235117442444	-6.06222639079316	-6.06222639079316	-6.12899490045933	-6.30734537434818	-6.06222639079316	-6.04929442517571	-6.19455103631373	-5.68359787837045	-5.68359787837045	-5.52257119827132	-5.68359787837045	-6.06222639079316	-6.23270859639956	-6.57258382878746	-6.4351873617	-6.4351873617	-6.36206764139189	-6.4351873617
-5.81871874924407	-5.81871874924407	-5.5338223075273	-4.8009288090694	-7.2371793793585	-7.07242498504459	-5.81871874924407	-5.50055284508013	-4.64512803225725	-5.41740388602235	-4.56807490981014	-5.81871874924407	-5.85274853630799	-5.81620735444253	-5.81620735444253	-5.866137039024	-6.03855235990394	-5.81620735444253	-5.81343985793313	-5.98372116426748	-5.62150145996508	-5.62150145996508	-5.50849596430246	-5.62150145996508	-5.81620735444253	-5.97473325117121	-6.20193323198245	-5.94773196138614	-5.94773196138614	-5.84194455080644	-5.94773196138614
-5.57928080582487	-5.57928080582487	-5.26507819769708	-4.26072481847758	-6.57419303141698	-6.27796539552275	-5.57928080582487	-5.27485825545165	-4.56567523099492	-5.4162324838912	-4.56652929302343	-5.57928080582487	-5.61346874929401	-5.57278141072958	-5.57278141072958	-5.61776096686984	-5.77850662952521	-5.57278141072958	-5.56680185082826	-5.7873507453304	-5.54428966070618	-5.54428966070618	-5.47356506893469	-5.54428966070618	-5.57278141072958	-5.73119126658741	-5.84819764055282	-5.46047397632379	-5.46047397632379	-5.30662280344769	-5.46047397632379
-5.34214286252463	-5.34214286252463	-5.0115224356163	-3.76853891432493	-5.86725088101899	-5.41936753083177	-5.34214286252463	-5.06088165233057	-4.45446558728537	-5.39961214869572	-4.55308028926503	-5.34214286252463	-5.37472319534785	-5.33223884810289	-5.33223884810289	-5.36698728458622	-5.51802272216257	-5.33223884810289	-5.32493328494673	-5.63874357386446	-5.47857766509698	-5.47857766509698	-5.4282433515166	-5.47857766509698	-5.33223884810289	-5.48899053765646	-5.512083612519	-4.96593793974014	-4.96593793974014	-4.76275785388947	-4.96593793974014
-5.1047669881776	-5.1047669881776	-4.76172415590968	-3.33030642853103	-5.09463940823915	-4.48892878862032	-5.1047669881776	-4.83860576732674	-4.34874266241169	-5.38589008542996	-4.54288676273654	-5.1047669881776	-5.13150437767572	-5.08286873437821	-5.08286873437821	-5.11123828908176	-5.25394285123733	-5.08286873437821	-5.07115385331438	-5.48472934026978	-5.38059186489631	-5.38059186489631	-5.33537438861663	-5.38059186489631	-5.08286873437821	-5.2404921497011	-5.17952402576795	-4.4768413195843	-4.4768413195843	-4.23210975346915	-4.4768413195843
-4.85771525126113	-4.85771525126113	-4.49788585226699	-2.96111866628727	-4.27578526330281	-3.54229011871953	-4.85771525126113	-4.60783522315576	-4.29438881913766	-5.37997676938588	-4.53795977515844	-4.85771525126113	-4.87969271648748	-4.82675197626582	-4.82675197626582	-4.843576057192	-4.97292620714331	-4.82675197626582	-4.81110477523304	-5.31766818663871	-5.25909449168137	-5.25909449168137	-5.21427521513387	-5.25909449168137	-4.82675197626582	-4.98729153759265	-4.81701580354148	-3.97953519283378	-3.97953519283378	-3.71197324326704	-3.97953519283378
-4.60285144497507	-4.60285144497507	-4.23420221418464	-2.65343917036851	-3.39671621864635	-2.57093201060401	-4.60285144497507	-4.36368546002226	-4.26998769898186	-5.36780395748415	-4.5351086594605	-4.60285144497507	-4.62258631290052	-4.56584446719277	-4.56584446719277	-4.57576223214866	-4.69990314071878	-4.56584446719277	-4.54478990996774	-5.12747304263403	-5.10681826704325	-5.10681826704325	-5.06224492614782	-5.10681826704325	-4.56584446719277	-4.72775150907922	-4.47470434319496	-3.50538504359363	-3.50538504359363	-3.22162194563214	-3.50538504359363
-4.34037384519175	-4.34037384519175	-3.97091035298676	-2.40021861387348	-2.58727217209041	-1.71676276849686	-4.34037384519175	-4.11641302522475	-4.25700341774007	-5.35893332460133	-4.52984446177864	-4.34037384519175	-4.36241521436027	-4.30669892271504	-4.30669892271504	-4.30899450223687	-4.42750544273364	-4.30669892271504	-4.27890701569204	-4.91719762469862	-4.93564991945371	-4.93564991945371	-4.90032112842989	-4.93564991945371	-4.30669892271504	-4.47010410961763	-4.13986050453111	-3.06975585989637	-3.06975585989637	-2.78060301397499	-3.06975585989637
-4.07111521057492	-4.07111521057492	-3.69285751138956	-2.13702384236223	-1.90401027641954	-1.02419818073557	-4.07111521057492	-3.85794880779804	-4.23309461046789	-5.34266065862394	-4.52340236274993	-4.07111521057492	-4.09287818107992	-4.03651498753941	-4.03651498753941	-4.02833812593503	-4.14653650919856	-4.03651498753941	-3.99329973577881	-4.67226918047965	-4.7237119104655	-4.7237119104655	-4.69419134755479	-4.7237119104655	-4.03651498753941	-4.21380150867341	-3.80477105386918	-2.65949825360111	-2.65949825360111	-2.37127133089332	-2.65949825360111
-3.78682726483589	-3.78682726483589	-3.39463247613586	-1.8391431932818	-1.40757074578365	-0.532826773665188	-3.78682726483589	-3.58389287919511	-4.21341813298723	-5.31525013101344	-4.50994242949337	-3.78682726483589	-3.81268253519982	-3.75856875876804	-3.75856875876804	-3.74989485440582	-3.86451368941201	-3.75856875876804	-3.70893976964513	-4.39447340687037	-4.47418066002726	-4.47418066002726	-4.46065666051642	-4.47418066002726	-3.75856875876804	-3.94161183247514	-3.46414531676125	-2.27092979653673	-2.27092979653673	-1.98596784616943	-2.27092979653673
-3.48517035268123	-3.48517035268123	-3.08653861520752	-1.5651042202031	-1.15494258448655	-0.277065280396283	-3.48517035268123	-3.28489056655136	-4.05084330590461	-5.28034248733206	-4.49966382645707	-3.48517035268123	-3.51658162188059	-3.46927366297317	-3.46927366297317	-3.45946148047182	-3.57339700896212	-3.46927366297317	-3.41540150815911	-4.08016805224345	-4.18138814849442	-4.18138814849442	-4.18526146246695	-4.18138814849442	-3.46927366297317	-3.66163037093066	-3.13717381017266	-1.91270588598709	-1.91270588598709	-1.62913146887618	-1.91270588598709
-3.15900654270723	-3.15900654270723	-2.75572613402119	-1.27475875341033	-1.05741632440663	-0.180762524999557	-3.15900654270723	-2.96791516972144	-3.82219683372748	-5.22615700343632	-4.48481670640642	-3.15900654270723	-3.20165037357771	-3.16874830209785	-3.16874830209785	-3.16302574297718	-3.27521992610565	-3.16874830209785	-3.11674558982346	-3.7395339193434	-3.84381078788695	-3.84381078788695	-3.8630109499007	-3.84381078788695	-3.16874830209785	-3.36744695651914	-2.83745809531325	-1.5967362879481	-1.5967362879481	-1.31440979244691	-1.5967362879481
-2.8254272151083	-2.8254272151083	-2.42280899655726	-0.940184343821788	-0.963709072365526	-0.104463555397876	-2.8254272151083	-2.61933269100719	-3.57402341925789	-5.134841630514	-4.46214672423578	-2.8254272151083	-2.87535307839757	-2.85507651323458	-2.85507651323458	-2.85897466473917	-2.96994980054972	-2.85507651323458	-2.81484916739342	-3.37686657439078	-3.46255590580128	-3.46255590580128	-3.49384868307725	-3.46255590580128	-2.85507651323458	-3.05741930637749	-2.54717474849947	-1.31023973383471	-1.31023973383471	-1.02715177194177	-1.31023973383471
-2.50620306066568	-2.50620306066568	-2.11786090972783	-0.6597293830248	-0.891952990081444	-0.0437557055370293	-2.50620306066568	-2.29133971534923	-3.11011635591745	-4.96193019149341	-4.41313011932445	-2.50620306066568	-2.56577872732926	-2.56062884237739	-2.56062884237739	-2.57388573852627	-2.68216211657586	-2.56062884237739	-2.53231150240501	-3.00477690741188	-3.04778670334004	-3.04778670334004	-3.08140447113457	-3.04778670334004	-2.56062884237739	-2.76213588270096	-2.31144945501867	-1.09373396158772	-1.09373396158772	-0.80978725058744	-1.09373396158772
-2.19998580344754	-2.19998580344754	-1.81588122031509	-0.463970955959309	-0.871791258169333	-0.0259263602713709	-2.19998580344754	-1.97129159029945	-2.54331849183869	-4.6390059877153	-4.31448074236542	-2.19998580344754	-2.26062617365968	-2.26417889991007	-2.26417889991007	-2.28656735830721	-2.38848579682985	-2.26417889991007	-2.26119887533085	-2.65492313173759	-2.61444081491145	-2.61444081491145	-2.61783623281789	-2.61444081491145	-2.26417889991007	-2.45613895040623	-2.07824312291267	-0.902631568702767	-0.902631568702767	-0.615603371495203	-0.902631568702767
-1.92085303038895	-1.92085303038895	-1.54090199542974	-0.33562873678629	-0.862362793092763	-0.0187980938565401	-1.92085303038895	-1.69611704067731	-1.9083090668097	-4.18670448148037	-4.11517895663389	-1.92085303038895	-1.97504597704192	-1.97733449197456	-1.97733449197456	-2.00904434298711	-2.10936887772945	-1.97733449197456	-1.97397380615955	-2.31363574930629	-2.15485800693211	-2.15485800693211	-2.1060370225382	-2.15485800693211	-1.97733449197456	-2.17368358448601	-1.85875328808907	-0.740305280408605	-0.740305280408605	-0.451062230475295	-0.740305280408605
-1.65718577537168	-1.65718577537168	-1.27718120941258	-0.245440112221172	-0.859549228202686	-0.0169135308038996	-1.65718577537168	-1.43298222393446	-1.2913794825501	-3.6826891725643	-3.67182032284039	-1.65718577537168	-1.70790366162939	-1.70949138321909	-1.70949138321909	-1.74732686679275	-1.83885653079131	-1.70949138321909	-1.67828671561751	-1.98455250903661	-1.66885206443775	-1.66885206443775	-1.55180258597176	-1.66885206443775	-1.70949138321909	-1.93627905255026	-1.67835778563548	-0.64112684501724	-0.64112684501724	-0.352940774945635	-0.64112684501724
-1.40430472780887	-1.40430472780887	-1.02785836746515	-0.168003524356197	-0.853485477429431	-0.0129349728272422	-1.40430472780887	-1.16063535769607	-0.677781562454199	-3.09550342640059	-3.00191878478853	-1.40430472780887	-1.45019284852465	-1.44407134353132	-1.44407134353132	-1.47515384241707	-1.55979573180522	-1.44407134353132	-1.41894399504084	-1.67972704135762	-1.21145919248646	-1.21145919248646	-1.05258885753729	-1.21145919248646	-1.44407134353132	-1.66274813204731	-1.46831062861711	-0.534164352551913	-0.534164352551913	-0.256324102684885	-0.534164352551913
-1.14388919709772	-1.14388919709772	-0.778076238092722	-0.0665706412396958	-0.84594836835764	-0.00678738569231349	-1.14388919709772	-0.88448303600618	-0.10688503368404	-2.4651971033117	-2.23294393999198	-1.14388919709772	-1.18949693388622	-1.18209800069091	-1.18209800069091	-1.21009391240085	-1.28853429658877	-1.18209800069091	-1.15050406395005	-1.34674773440713	-0.723841930293834	-0.723841930293834	-0.528834983767475	-0.723841930293834	-1.18209800069091	-1.40677897371727	-1.29685613186911	-0.491509841093684	-0.491509841093684	-0.229910080257444	-0.491509841093684
-0.890175390871141	-0.890175390871141	-0.542604948319487	0.0483096947857476	-0.832349078232985	0.00377290877843755	-0.890175390871141	-0.607986453220596	0.42788640566788	-1.7795236439207	-1.42001920798676	-0.890175390871141	-0.93555041999355	-0.925270368945526	-0.925270368945526	-0.951755961522682	-1.02095708522178	-0.925270368945526	-0.907374434566404	-1.04583857063855	-0.27065064681623	-0.27065064681623	-0.047156594005604	-0.27065064681623	-0.925270368945526	-1.13347843049313	-1.128048643221	-0.455850931213909	-0.455850931213909	-0.21960557120981	-0.455850931213909
-0.632297791325748	-0.632297791325748	-0.304924999588856	0.154622752771272	-0.825714307772755	0.00979612135879221	-0.632297791325748	-0.327980837570631	0.924014186282832	-1.04281295173591	-0.539770171647504	-0.632297791325748	-0.679316193427413	-0.667398953145026	-0.667398953145026	-0.681615622470897	-0.745346361021027	-0.667398953145026	-0.656891133170998	-0.745619559824138	0.171367495260662	0.171367495260662	0.416758834584667	0.171367495260662	-0.667398953145026	-0.864336236545374	-0.962683685303072	-0.438743812076275	-0.438743812076275	-0.22916927399203	-0.438743812076275
-0.374975364222864	-0.374975364222864	-0.0702322162335662	0.264727724103228	-0.813698638233586	0.022028814763535	-0.374975364222864	-0.0524776403888505	1.33975826441246	-0.2530430468693	0.412286376311358	-0.374975364222864	-0.413246235841382	-0.395697012084054	-0.395697012084054	-0.413121563837662	-0.471224547077043	-0.395697012084054	-0.390617927017243	-0.437556851712216	0.590241090001766	0.590241090001766	0.847495790252876	0.590241090001766	-0.395697012084054	-0.588466984361335	-0.797160682008034	-0.425097900853412	-0.425097900853412	-0.255114894339081	-0.425097900853412
-0.101592591461686	-0.101592591461686	0.182265626378063	0.310519563920788	-0.792273726223728	0.0378264714388359	-0.101592591461686	0.237290808365086	1.70654299983823	0.601375532225051	1.38334007870733	-0.101592591461686	-0.138455227178087	-0.118488267545994	-0.118488267545994	-0.129233651971321	-0.187090563959994	-0.118488267545994	-0.132216566999594	-0.145607429978479	0.972362869181254	0.972362869181254	1.23375160649715	0.972362869181254	-0.118488267545994	-0.289795355843889	-0.606474922313939	-0.391382359913967	-0.391382359913967	-0.268207083490599	-0.391382359913967
0.174645353860967	0.174645353860967	0.433779050838233	0.350013491883225	-0.769455333347726	0.0547466558825954	0.174645353860967	0.523166565225084	1.99529922092025	1.46791123078297	2.32399489656073	0.174645353860967	0.139560073948216	0.163590258170176	0.163590258170176	0.146751686077674	0.0867376892650531	0.163590258170176	0.138560843803817	0.149323611827318	1.33082879599831	1.33082879599831	1.59121913524896	1.33082879599831	0.163590258170176	0.0113596627814166	-0.399497354400417	-0.33597661217145	-0.33597661217145	-0.271319239230365	-0.33597661217145
0.461907437684867	0.461907437684867	0.701964911721062	0.387975514509304	-0.744914286370251	0.0745317843253164	0.461907437684867	0.823621042178805	2.2861017260516	2.27402414239632	3.16015192766825	0.461907437684867	0.424464715458548	0.4493952058101	0.4493952058101	0.436656158374509	0.37265827315268	0.4493952058101	0.421408142867859	0.442020276475229	1.66424685848571	1.66424685848571	1.92108796975727	1.66424685848571	0.4493952058101	0.305686948166475	-0.201713313964979	-0.270537414054734	-0.270537414054734	-0.284470978910165	-0.270537414054734
0.759281590997324	0.759281590997324	0.984949808813923	0.395002507171155	-0.723011598405493	0.0839686694977913	0.759281590997324	1.12482091542777	2.62825911683188	2.9171216023618	3.80014053544316	0.759281590997324	0.72164916252946	0.744960608966768	0.744960608966768	0.719839211662964	0.653781104816992	0.744960608966768	0.711847983379185	0.733817825654263	1.97523774017773	1.97523774017773	2.22974788755413	1.97523774017773	0.744960608966768	0.606415109871194	0.00959469720851408	-0.162267100201817	-0.162267100201817	-0.227432850866789	-0.162267100201817
1.06050229623288	1.06050229623288	1.27198336631298	0.476569416230135	-0.694633897244969	0.0929925104929303	1.06050229623288	1.43177641605767	2.97465801693142	3.36338679918154	4.24208323746912	1.06050229623288	1.02421335947015	1.04829031140725	1.04829031140725	1.01830277568792	0.94488389468488	1.04829031140725	1.01477735874527	1.01057544298226	2.26012779176368	2.26012779176368	2.51346767813249	2.26012779176368	1.04829031140725	0.911571210617867	0.252578041786592	0.00463190794475187	0.00463190794475187	-0.101012528849671	0.00463190794475187
1.38024196794355	1.38024196794355	1.59469920337939	0.674902735164842	-0.664780190998476	0.0928346007155203	1.38024196794355	1.75044970992707	3.27014778697406	3.53301280552469	4.41486378405247	1.38024196794355	1.33785277791995	1.35641074146105	1.35641074146105	1.31850472747957	1.23908458898557	1.35641074146105	1.33363897348737	1.29001163796898	2.53002196859439	2.53002196859439	2.78695270623076	2.53002196859439	1.35641074146105	1.20744985377152	0.516561929239839	0.224888367881378	0.224888367881378	0.0873784391779965	0.224888367881378
1.71620060601038	1.71620060601038	1.93729113106316	0.992017218066572	-0.573546584449021	0.132701216959785	1.71620060601038	2.08371846530369	3.56743167070121	3.64615966889833	4.53030668234014	1.71620060601038	1.66723988198352	1.67638297963625	1.67638297963625	1.62866382947256	1.54487594258039	1.67638297963625	1.66940162503521	1.56222707260164	2.77513598860703	2.77513598860703	3.03282121969181	2.77513598860703	1.67638297963625	1.50401487919524	0.806226794744051	0.502383287206985	0.502383287206985	0.358510782427241	0.502383287206985
2.05513338216207	2.05513338216207	2.28861084800426	1.42193295983469	-0.440338142047546	0.173289167125783	2.05513338216207	2.42521484168053	3.88751294228557	3.74619361340966	4.61849408908388	2.05513338216207	1.99752205243184	1.99745201792127	1.99745201792127	1.94293517250693	1.8531573334569	1.99745201792127	2.00432249686396	1.83969488283355	3.00298631350761	3.00298631350761	3.26355707966338	3.00298631350761	1.99745201792127	1.80372783815407	1.14159418090798	0.852070353232478	0.852070353232478	0.710731206074937	0.852070353232478
2.36361098432471	2.36361098432471	2.62083751688229	1.95470299238954	-0.175246842197218	0.259598762725477	2.36361098432471	2.72484723328611	4.13651435096743	3.76747433591633	4.63063345789195	2.36361098432471	2.30584825892594	2.30449364985884	2.30449364985884	2.24896319775993	2.15293850702129	2.30449364985884	2.32687896872836	2.11941511218603	3.19108229750705	3.19108229750705	3.45042960859976	3.19108229750705	2.30449364985884	2.09019702250137	1.48376405778201	1.24063196709324	1.24063196709324	1.10306314393579	1.24063196709324
2.64770065419141	2.64770065419141	2.90894058637542	2.554857808878	0.223654740691087	0.405103090677519	2.64770065419141	3.01091694099342	4.32403281302582	3.77644125181636	4.63213734513593	2.64770065419141	2.59306465604355	2.59477756745338	2.59477756745338	2.5442017015161	2.44618299211556	2.59477756745338	2.62150026097334	2.38859062963163	3.34078907599057	3.34078907599057	3.59080663070061	3.34078907599057	2.59477756745338	2.37564926186655	1.85160186981029	1.68337507593718	1.68337507593718	1.57515840550004	1.68337507593718
2.90157308111585	2.90157308111585	3.15630171812928	3.20645747072855	0.742079476219828	0.698341371379447	2.90157308111585	3.26354579704585	4.4463404676745	3.78227343946419	4.63536332239976	2.90157308111585	2.85668105954436	2.86763187579066	2.86763187579066	2.81878538029249	2.72145457305065	2.86763187579066	2.89123983119399	2.67405384290892	3.4730332655022	3.4730332655022	3.70336614048037	3.4730332655022	2.86763187579066	2.65609605662101	2.21872569271931	2.15701304612438	2.15701304612438	2.11005971072799	2.15701304612438
3.15159895611719	3.15159895611719	3.42134095432815	3.82634301845691	1.32619008488041	1.29570307063665	3.15159895611719	3.50474223207871	4.56013363764048	3.79941452073006	4.65148525150634	3.15159895611719	3.11217612610618	3.13074060461913	3.13074060461913	3.087807658042	2.99203011108499	3.13074060461913	3.13214879562471	2.95033777009974	3.57061724126457	3.57061724126457	3.76760873090548	3.57061724126457	3.13074060461913	2.94513155250106	2.61086465151028	2.67720783047336	2.67720783047336	2.70257811803015	2.67720783047336
3.41538517665785	3.41538517665785	3.70520820869237	4.38296482008605	1.922407432627	2.04056881953034	3.41538517665785	3.76638735297329	4.6665877204066	3.79143544537199	4.63899726103246	3.41538517665785	3.3678067619883	3.38570859404846	3.38570859404846	3.35496384747266	3.26558223971229	3.38570859404846	3.38512799620635	3.21700551885122	3.65891201522298	3.65891201522298	3.80198418817135	3.65891201522298	3.38570859404846	3.20691137698539	2.99373031688197	3.20588531587344	3.20588531587344	3.29769207685004	3.20588531587344
3.66648174136975	3.66648174136975	3.98114934565955	4.94206855907288	2.58929987698596	2.85605291671187	3.66648174136975	3.98972297570686	4.72440230667545	3.81172229304255	4.65798783380836	3.66648174136975	3.62270668892668	3.64064176684136	3.64064176684136	3.61467020986961	3.53313835737451	3.64064176684136	3.64031380270864	3.45236562908952	3.72990096698803	3.72990096698803	3.81088281120254	3.72990096698803	3.64064176684136	3.45811204116254	3.37298747897171	3.74708985705323	3.74708985705323	3.89299336394323	3.74708985705323
3.9138903748564	3.9138903748564	4.2496371874447	5.45491739398999	3.30455240688211	3.72822176278521	3.9138903748564	4.212546188385	4.81436429698216	3.82670868405996	4.6706831234751	3.9138903748564	3.8728671502337	3.8941047566592	3.8941047566592	3.86755221126998	3.78857999394225	3.8941047566592	3.90441282096074	3.65243802187676	3.81215407831453	3.81215407831453	3.83762451668486	3.81215407831453	3.8941047566592	3.70425758786298	3.76580889317614	4.30179173321106	4.30179173321106	4.50329492884079	4.30179173321106
4.16629556032563	4.16629556032563	4.5141870187306	5.8995093279239	4.07520680746237	4.65511980629435	4.16629556032563	4.44969540148653	4.90667085952317	3.82805966176323	4.6762993805657	4.16629556032563	4.13023573529685	4.15540596736796	4.15540596736796	4.12608700828258	4.04921483582618	4.15540596736796	4.1748171433403	3.83805978773344	3.91267037298406	3.91267037298406	3.9124598010566	3.91267037298406	4.15540596736796	3.95764669694684	4.14674757168073	4.84354791544587	4.84354791544587	5.0838681137813	4.84354791544587
4.4193352285863	4.4193352285863	4.77536786684434	6.29677172809065	4.9129945963104	5.62947055537924	4.4193352285863	4.68520768422083	4.94400156166632	3.83683162807437	4.67588832225567	4.4193352285863	4.38975366599351	4.42273005204638	4.42273005204638	4.39742618542685	4.31580358736796	4.42273005204638	4.46462690041825	4.02215689579688	4.03310779992407	4.03310779992407	4.02989759217486	4.03310779992407	4.42273005204638	4.21000430368832	4.50381399117193	5.35119941890977	5.35119941890977	5.61732563926877	5.35119941890977
4.67594386254882	4.67594386254882	5.03329712064579	6.59772776458917	5.77264251673794	6.58293144853835	4.67594386254882	4.9294688770426	4.95982726913872	3.84009668852911	4.67276814560941	4.67594386254882	4.65269025646764	4.69296327127982	4.69296327127982	4.6747268754379	4.58699391390211	4.69296327127982	4.7457189170557	4.22156307175576	4.18234236367996	4.18234236367996	4.17356934639579	4.18234236367996	4.69296327127982	4.47640449965042	4.87276115717361	5.84915162420007	5.84915162420007	6.13224479370392	5.84915162420007
4.93132318610292	4.93132318610292	5.2895030536008	6.86097200190174	6.60857003937966	7.47367670491126	4.93132318610292	5.16245691219701	4.9613634442715	3.86612417577822	4.69336123778436	4.93132318610292	4.91806402088429	4.9665675080581	4.9665675080581	4.9469540180349	4.85120020938017	4.9665675080581	5.02786326726735	4.44268256763162	4.37135285124487	4.37135285124487	4.36290104609005	4.37135285124487	4.9665675080581	4.74810194543402	5.231990132286	6.30514011931274	6.30514011931274	6.59444575046511	6.30514011931274
5.20779906247236	5.20779906247236	5.57453262287963	7.12632148783093	7.31995118651936	8.19900168549553	5.20779906247236	5.4227734213646	4.97294033905289	3.87554815936647	4.69276669605683	5.20779906247236	5.19455140827494	5.24627154653557	5.24627154653557	5.23517907248307	5.13034404655251	5.24627154653557	5.31419207269354	4.6997453084028	4.60365567660626	4.60365567660626	4.58870350245301	4.60365567660626	5.24627154653557	5.02865660791678	5.59268050324165	6.74283917837726	6.74283917837726	7.03158475545679	6.74283917837726
5.48986631844136	5.48986631844136	5.8676443773268	7.42297873859744	7.83054102229631	8.70614752450571	5.48986631844136	5.69599894589662	5.02127407290941	3.91995605098161	4.72185115813393	5.48986631844136	5.47729941629198	5.53210446442392	5.53210446442392	5.52333179682159	5.40941556993797	5.53210446442392	5.61078566001548	4.99008881960028	4.88250334823816	4.88250334823816	4.86098446914446	4.88250334823816	5.53210446442392	5.30759809467575	5.930681547694	7.12978500842933	7.12978500842933	7.41515043815938	7.12978500842933
5.80750426590539	5.80750426590539	6.19532789161319	7.70691343503693	8.0810383073611	8.95832106947329	5.80750426590539	6.00996329304417	5.18495792058315	3.93933160335753	4.71615844727567	5.80750426590539	5.78481653248575	5.83290847732938	5.83290847732938	5.82479337388755	5.70197176529283	5.83290847732938	5.90615994139179	5.3004645505407	5.20123269927516	5.20123269927516	5.1793494697162	5.20123269927516	5.83290847732938	5.61392586357658	6.27747865320117	7.50702505077264	7.50702505077264	7.78908828834529	7.50702505077264
6.12724393761607	6.12724393761607	6.51222272737501	8.01542224399337	8.18393255025854	9.05902427047627	6.12724393761607	6.32846080750638	5.37383012525282	3.99824161036683	4.73635945935914	6.12724393761607	6.09683857189998	6.13445596958372	6.13445596958372	6.12475212215779	5.99609950048441	6.13445596958372	6.19790298735926	5.63230088026864	5.55707845284241	5.55707845284241	5.53221291194997	5.55707845284241	6.13445596958372	5.91881363447659	6.5823814605995	7.82960320322108	7.82960320322108	8.10836117836979	7.82960320322108
6.46740602417617	6.46740602417617	6.84336749260242	8.35336115135059	8.30816684910363	9.16911506683527	6.46740602417617	6.68748565551589	5.71639633608217	4.08472558452182	4.75336277619713	6.46740602417617	6.42365350219701	6.44659302719254	6.44659302719254	6.42757599643801	6.29224957897653	6.44659302719254	6.49372536084841	5.99798434942518	5.96632019847015	5.96632019847015	5.95386136586081	5.96632019847015	6.44659302719254	6.23737446158719	6.86769202479908	8.11494112157733	8.11494112157733	8.39296610139046	8.11494112157733
6.76807155696922	6.76807155696922	7.13163032916614	8.63670898999873	8.36877860382909	9.21304941489161	6.76807155696922	7.00782311754006	6.23017148984655	4.28185669209891	4.81559861096372	6.76807155696922	6.72177654792126	6.74103955383235	6.74103955383235	6.71728615620432	6.5775334114645	6.74103955383235	6.75262327712003	6.3477499090899	6.38457830240733	6.38457830240733	6.38021896432829	6.38457830240733	6.74103955383235	6.56200102594966	7.1308033953884	8.36181621837066	8.36181621837066	8.64207251840551	8.36181621837066
7.07710433157436	7.07710433157436	7.4430067312403	8.84235672784613	8.38007408454177	9.22199604841448	7.07710433157436	7.31798173522204	6.78580889175782	4.61717728751712	4.91227675307948	7.07710433157436	7.02973241619197	7.04140396011185	7.04140396011185	7.0087896380529	6.8665329642509	7.04140396011185	7.040663623795	6.69752052390792	6.83895886003294	6.83895886003294	6.87926371169411	6.83895886003294	7.04140396011185	6.86251690219133	7.35915945222252	8.55595081194127	8.55595081194127	8.8393874014827	8.55595081194127
7.34005779345126	7.34005779345126	7.71457312569258	8.95731862032908	8.39894975093233	9.24071232674467	7.34005779345126	7.57387133673345	7.42791340688409	5.0990995340466	5.1575145217754	7.34005779345126	7.29469249943701	7.31174392155456	7.31174392155456	7.27974645637618	7.1383909312108	7.31174392155456	7.32090303017135	7.02138066806284	7.29373724891773	7.29373724891773	7.38919398028035	7.29373724891773	7.31174392155456	7.12892921079481	7.57053640284348	8.71602346616933	8.71602346616933	9.00369281193804	8.71602346616933
7.60995091085953	7.60995091085953	7.99647761815597	9.08310829021847	8.39857717705137	9.23922714711046	7.60995091085953	7.85169855458866	8.0307304943965	5.59603104665601	5.56569030083071	7.60995091085953	7.56184932703757	7.58062651163228	7.58062651163228	7.55465045922874	7.41477898681926	7.58062651163228	7.60960311791105	7.34868584291079	7.75150106400327	7.75150106400327	7.89520923719285	7.75150106400327	7.58062651163228	7.37939165164586	7.77395826257577	8.84404966700943	8.84404966700943	9.13352612808055	8.84404966700943
7.84459057816848	7.84459057816848	8.22570546884673	9.15187224601038	8.40505643266403	9.24530397629157	7.84459057816848	8.09204894412649	8.63986932357353	6.19386250536312	6.23182955470297	7.84459057816848	7.80499818557007	7.83405970278958	7.83405970278958	7.81381892875684	7.67782559483792	7.83405970278958	7.87485015929227	7.64877926352869	8.19603588880782	8.19603588880782	8.37367034136425	8.19603588880782	7.83405970278958	7.62708947400564	7.9634142103789	8.93480849489793	8.93480849489793	9.21611947190555	8.93480849489793
8.10127852247992	8.10127852247992	8.45608261026619	9.18920629716518	8.39998751978718	9.23871140739461	8.10127852247992	8.3698775371885	9.19098351360659	6.7921338165848	6.98210478449178	8.10127852247992	8.06824543976694	8.09515251320219	8.09515251320219	8.07714764632005	7.94943061295088	8.09515251320219	8.14102757710227	7.96459724237546	8.65019218470009	8.65019218470009	8.85632301749873	8.65019218470009	8.09515251320219	7.87259015406733	8.11545281245412	8.9705394679462	8.9705394679462	9.2377517583279	8.9705394679462
8.34484060404348	8.34484060404348	8.6886213092229	9.32299430597052	8.42459226237339	9.26100361564716	8.34484060404348	8.62863831047134	9.71244799798269	7.4613682998521	7.76189786263287	8.34484060404348	8.30255769848555	8.33060388280187	8.33060388280187	8.32986447558732	8.21050893093143	8.33060388280187	8.36103662724939	8.24572255111927	9.05351952989772	9.05351952989772	9.28450596881074	9.05351952989772	8.33060388280187	8.13567891563999	8.27121075674274	8.9944496167823	8.9944496167823	9.24760498578915	8.9944496167823
8.59803889300201	8.59803889300201	8.91577719734191	9.41333087265836	8.4281420759171	9.26297744225889	8.59803889300201	8.90460866300962	10.1731555319821	8.15690644176309	8.6155424367172	8.59803889300201	8.55580127308704	8.58543197375474	8.58543197375474	8.57556056420436	8.4609493257742	8.58543197375474	8.60502209093851	8.53855812641826	9.46270371660177	9.46270371660177	9.70900372937084	9.46270371660177	8.58543197375474	8.40427961608829	8.43046773103752	9.01154826217716	9.01154826217716	9.23076048939039	9.01154826217716
8.87800442472436	8.87800442472436	9.19027461507428	9.48364856897142	8.44065698579446	9.2684651839612	8.87800442472436	9.20246642965489	10.592704290532	8.92375342561546	9.55737139200022	8.87800442472436	8.83765080966542	8.86556870910951	8.86556870910951	8.85385842432063	8.74317621865451	8.86556870910951	8.86220554800094	8.8331295010823	9.86007912066309	9.86007912066309	10.1168879385502	9.86007912066309	8.86556870910951	8.69824205616267	8.5992820532504	9.03895596117312	9.03895596117312	9.20302369736178	9.03895596117312
9.12489754094297	9.12489754094297	9.4037381606611	9.59394796762773	8.45972107007624	9.28686577863394	9.12489754094297	9.46354384296299	10.9138388823833	9.72977055635323	10.4844908820931	9.12489754094297	9.08979190927657	9.12672451505843	9.12672451505843	9.11058899051208	8.99769773289177	9.12672451505843	9.1049565898797	9.10989407287973	10.2193010462967	10.2193010462967	10.4799319642977	10.2193010462967	9.12672451505843	8.99031750542057	8.77402869824119	9.0373801469628	9.0373801469628	9.16352495492251	9.0373801469628
9.36929238117029	9.36929238117029	9.62690897550768	9.70702952910816	8.48718036388913	9.3077963204805	9.36929238117029	9.70973251120152	11.144318142245	10.5761411619871	11.4079192679665	9.36929238117029	9.34101638479483	9.38574328176106	9.38574328176106	9.37764521252075	9.26594146248846	9.38574328176106	9.35634528218512	9.37477064433743	10.5419710405859	10.5419710405859	10.8030209894637	10.5419710405859	9.38574328176106	9.26576992969801	8.93829290314912	9.04348186480152	9.04348186480152	9.09721388260676	9.04348186480152
9.64461825748026	9.64461825748026	9.87721794057686	9.73475791501437	8.5047410382953	9.32039102777696	9.64461825748026	9.99699848277162	11.4101485878478	11.4017184697704	12.2804247843928	9.64461825748026	9.62698794714075	9.67560859326756	9.67560859326756	9.66124754110638	9.54457119739362	9.67560859326756	9.62364653885815	9.64615055946138	10.8513518584506	10.8513518584506	11.1106569817264	10.8513518584506	9.67560859326756	9.57355835173585	9.12519341484075	9.09792838919617	9.09792838919617	9.08343966616449	9.09792838919617
9.93699585881013	9.93699585881013	10.160959732964	9.77631040268028	8.53083173747286	9.33616376871945	9.93699585881013	10.2922148290055	11.7083620422211	12.0390848181662	12.9225488577317	9.93699585881013	9.93244813717213	9.98152256954694	9.98152256954694	9.95311110634654	9.83265594120966	9.98152256954694	9.9009696634315	9.90624559358075	11.132170897107	11.132170897107	11.389520177209	11.132170897107	9.98152256954694	9.89293882929127	9.32398730681345	9.16785885539911	9.16785885539911	9.09072092902298	9.16785885539911
10.2198958734429	10.2198958734429	10.4148317270362	9.87630934791456	8.56213655421802	9.34850459476603	10.2198958734429	10.5871058786215	12.0237576655675	12.4192219239746	13.3037188500286	10.2198958734429	10.1919897069626	10.2363525231423	10.2363525231423	10.2148235183661	10.0864271602411	10.2363525231423	10.1583840951337	10.1537295402765	11.382091644764	11.382091644764	11.6378336060001	11.382091644764	10.2363525231423	10.1716167998728	9.52629865216399	9.27668525034894	9.27668525034894	9.14415526999905	9.27668525034894
10.534044165554	10.534044165554	10.7524026680216	10.1496715751303	8.61694590585585	9.37260819026863	10.534044165554	10.8989962744555	12.2731267243588	12.5944318816053	13.4816193561449	10.534044165554	10.5146527668675	10.5551696066046	10.5551696066046	10.5235111344563	10.3925078586729	10.5551696066046	10.4614142916518	10.4010463876938	11.6181359191858	11.6181359191858	11.8743998103081	11.6181359191858	10.5551696066046	10.4834266368421	9.78152074102271	9.4895852702473	9.4895852702473	9.33013150455404	9.4895852702473
